epoch 1 train_loss:1.358 
train overall_acc:0.857 
train per_class_acc: [0.9179373  0.04819931 0.03120283 0.03928153 0.1351577  0.08371095
 0.04498032 0.31548733 0.00446975 0.00626218 0.04226089 0.01432195]
train per_class_iou: [0.8710067  0.01259934 0.00713813 0.00859652 0.05771193 0.03528918
 0.01909607 0.08371618 0.00175582 0.00127815 0.01242585 0.00516188]
train mIOU:0.093
epoch 1 val_loss:0.430 
val overall_acc:0.910 
val per_class_acc: [9.8206711e-01 2.4958857e-04 8.5266467e-05 0.0000000e+00 3.0605909e-03
 2.7058549e-02 7.6457649e-02 8.4364012e-02 8.5523225e-02 0.0000000e+00
 2.5882402e-03 0.0000000e+00]
vak per_class_iou: [9.1297889e-01 2.4261791e-04 8.4866224e-05 0.0000000e+00 2.5206904e-03
 2.0609979e-02 3.5987720e-02 7.6593682e-02 5.5264600e-02 0.0000000e+00
 2.4463492e-03 0.0000000e+00]
val mIOU:0.092

epoch 2 train_loss:0.316 
train overall_acc:0.925 
train per_class_acc: [9.9337906e-01 5.0952239e-04 5.4695411e-04 5.6673784e-04 4.1548818e-02
 6.1684955e-02 7.8204811e-02 2.1911013e-01 5.3956296e-04 5.8546164e-05
 1.9664181e-02 5.5030140e-04]
train per_class_iou: [9.2777693e-01 4.8986124e-04 5.2735355e-04 5.5512338e-04 3.2952491e-02
 4.0213197e-02 4.9741402e-02 1.7243840e-01 5.3698482e-04 5.5495726e-05
 1.2229038e-02 5.4839230e-04]
train mIOU:0.103
epoch 2 val_loss:0.270 
val overall_acc:0.917 
val per_class_acc: [9.7781497e-01 9.9595578e-04 4.4949845e-04 2.2567347e-04 1.9174954e-01
 2.1471255e-01 7.6008312e-02 3.3891389e-01 0.0000000e+00 0.0000000e+00
 0.0000000e+00 0.0000000e+00]
vak per_class_iou: [9.2370391e-01 9.8572252e-04 4.4432378e-04 2.2475088e-04 1.5996107e-01
 1.0800609e-01 6.1935257e-02 2.5060001e-01 0.0000000e+00 0.0000000e+00
 0.0000000e+00 0.0000000e+00]
val mIOU:0.125

epoch 3 train_loss:0.273 
train overall_acc:0.927 
train per_class_acc: [9.9212325e-01 1.0926643e-02 2.0132593e-03 2.6055607e-03 6.9156021e-02
 8.1977047e-02 1.1181668e-01 3.4558752e-01 0.0000000e+00 3.6584461e-04
 6.8994373e-02 1.0588192e-02]
train per_class_iou: [9.3085879e-01 9.3860542e-03 1.8972467e-03 2.4906043e-03 5.1754050e-02
 5.0854657e-02 8.2876630e-02 2.6356685e-01 0.0000000e+00 3.2864170e-04
 4.0046338e-02 1.0042579e-02]
train mIOU:0.120
epoch 3 val_loss:0.244 
val overall_acc:0.920 
val per_class_acc: [9.8090291e-01 2.4990646e-02 4.0285534e-04 1.7202853e-03 1.9224994e-01
 2.4588522e-02 6.4591587e-02 3.5024747e-01 0.0000000e+00 1.3879627e-03
 2.7146754e-01 2.3232417e-03]
vak per_class_iou: [9.2434400e-01 2.0309867e-02 3.9864582e-04 1.7046934e-03 1.7624933e-01
 2.2741277e-02 5.5162385e-02 2.3439206e-01 0.0000000e+00 1.3306817e-03
 1.4503151e-01 2.2507007e-03]
val mIOU:0.132

epoch 4 train_loss:0.242 
train overall_acc:0.930 
train per_class_acc: [9.9008429e-01 2.9424405e-02 6.6793791e-04 2.1705241e-03 1.6373917e-01
 5.7158958e-02 1.3657074e-01 3.7906218e-01 4.4406541e-03 6.9104164e-04
 1.3861613e-01 7.1822375e-02]
train per_class_iou: [9.37030971e-01 2.36444678e-02 6.39329955e-04 2.07712501e-03
 1.21578254e-01 4.23524864e-02 1.04693674e-01 2.86911875e-01
 4.14888933e-03 6.51365728e-04 9.26529765e-02 5.17153405e-02]
train mIOU:0.139
epoch 4 val_loss:0.272 
val overall_acc:0.911 
val per_class_acc: [0.981614   0.03343507 0.00188335 0.00156906 0.00975112 0.09586821
 0.02923328 0.39099485 0.00759216 0.00838251 0.12391216 0.36613533]
vak per_class_iou: [0.91559505 0.02641671 0.00181255 0.00155232 0.00913543 0.06267477
 0.02574692 0.27802145 0.00706426 0.00717798 0.08598253 0.20559922]
val mIOU:0.136

epoch 5 train_loss:0.230 
train overall_acc:0.935 
train per_class_acc: [0.9890852  0.03758234 0.0010407  0.0049962  0.23976491 0.06303005
 0.18812679 0.36487243 0.0032446  0.00251065 0.16564313 0.14580546]
train per_class_iou: [0.9408045  0.02907623 0.00099187 0.00475291 0.19321895 0.04574136
 0.14614888 0.2822333  0.00318766 0.00222673 0.10529061 0.10294313]
train mIOU:0.155
epoch 5 val_loss:0.192 
val overall_acc:0.934 
val per_class_acc: [0.9749546  0.08647826 0.00334752 0.01116079 0.47381845 0.11469781
 0.2371082  0.40475363 0.08658826 0.01142995 0.17738625 0.4169679 ]
vak per_class_iou: [0.9428316  0.05720627 0.00317004 0.01029278 0.37834314 0.07122585
 0.21645053 0.27818573 0.06927967 0.00996846 0.12242586 0.24746504]
val mIOU:0.201

epoch 6 train_loss:0.212 
train overall_acc:0.940 
train per_class_acc: [0.9884947  0.04795918 0.00291761 0.0126221  0.30926785 0.07409742
 0.2645978  0.39189413 0.06765723 0.00308286 0.13454968 0.1400201 ]
train per_class_iou: [0.94663393 0.03597793 0.00271817 0.01138745 0.2489538  0.04994816
 0.2078425  0.3044602  0.05993527 0.00280068 0.08293384 0.09169953]
train mIOU:0.170
epoch 6 val_loss:0.193 
val overall_acc:0.932 
val per_class_acc: [0.96883404 0.06473028 0.00377477 0.02217348 0.40863344 0.12768047
 0.42875674 0.42660382 0.16267568 0.00457782 0.16448037 0.05425255]
vak per_class_iou: [0.9383736  0.04909808 0.00366342 0.01889331 0.33929145 0.08310149
 0.30973822 0.29518843 0.12631787 0.00436191 0.11436513 0.05186872]
val mIOU:0.195

epoch 7 train_loss:0.194 
train overall_acc:0.945 
train per_class_acc: [0.9881389  0.05509476 0.00178506 0.01119386 0.37529778 0.09908564
 0.30108136 0.41502425 0.11199602 0.00724505 0.15701336 0.23206645]
train per_class_iou: [0.94988966 0.04065979 0.00170109 0.01012095 0.31612158 0.06901805
 0.23245832 0.33062539 0.09496006 0.00633203 0.10979003 0.16364017]
train mIOU:0.194
epoch 7 val_loss:0.171 
val overall_acc:0.941 
val per_class_acc: [9.8134130e-01 2.6356275e-03 0.0000000e+00 2.8490103e-04 4.2797196e-01
 5.8797467e-03 3.4635007e-01 3.0895835e-01 2.7816832e-02 2.0357391e-03
 1.4952765e-01 1.5888020e-01]
vak per_class_iou: [9.42618668e-01 2.55905744e-03 0.00000000e+00 2.84606504e-04
 4.04181063e-01 5.37373777e-03 3.14131826e-01 2.75456607e-01
 2.74898279e-02 2.00544694e-03 1.08597204e-01 1.26093552e-01]
val mIOU:0.184

epoch 8 train_loss:0.182 
train overall_acc:0.949 
train per_class_acc: [0.9891682  0.06080549 0.0016057  0.01408883 0.4127491  0.12323088
 0.33897808 0.417414   0.16804223 0.01144143 0.20970857 0.19808182]
train per_class_iou: [0.9544492  0.04428664 0.00151973 0.01230272 0.35929066 0.08642273
 0.27260405 0.33202106 0.13333118 0.00980098 0.13595341 0.13680832]
train mIOU:0.207
epoch 8 val_loss:0.151 
val overall_acc:0.945 
val per_class_acc: [0.9752053  0.04696469 0.0022337  0.00815731 0.5577996  0.11476497
 0.4489919  0.43544474 0.22308019 0.00642203 0.3064752  0.29186615]
vak per_class_iou: [0.95058435 0.03844598 0.00220431 0.00783702 0.48061755 0.08141824
 0.3631162  0.31222448 0.15870184 0.00602179 0.19101006 0.2250659 ]
val mIOU:0.235

epoch 9 train_loss:0.172 
train overall_acc:0.951 
train per_class_acc: [0.9890998  0.06554684 0.00284081 0.01857324 0.46157524 0.1270254
 0.35190055 0.43193543 0.18790685 0.01976379 0.2684251  0.22628452]
train per_class_iou: [0.95682096 0.04869001 0.00270106 0.01579142 0.39344725 0.08880998
 0.29290557 0.34429774 0.14372163 0.01587878 0.1698273  0.15655929]
train mIOU:0.219
epoch 9 val_loss:0.181 
val overall_acc:0.934 
val per_class_acc: [0.9766523  0.10942354 0.00231742 0.01575488 0.5226275  0.15781201
 0.07436665 0.43272918 0.25321162 0.04232518 0.37894592 0.34983662]
vak per_class_iou: [0.94561356 0.06937301 0.00225095 0.0141149  0.41825473 0.094428
 0.07298981 0.31444824 0.16486832 0.03105837 0.2082601  0.2343398 ]
val mIOU:0.214

epoch 10 train_loss:0.165 
train overall_acc:0.953 
train per_class_acc: [0.988993   0.06590033 0.00409943 0.01791015 0.455833   0.15403856
 0.38235134 0.44370356 0.19885916 0.02331962 0.29678    0.17086925]
train per_class_iou: [0.95825505 0.04909608 0.00386709 0.01560349 0.40218794 0.11140192
 0.32060233 0.3524208  0.15088859 0.01793409 0.18409893 0.12390982]
train mIOU:0.224
epoch 10 val_loss:0.173 
val overall_acc:0.936 
val per_class_acc: [9.8191726e-01 4.0918175e-02 2.9827197e-04 1.2220157e-02 3.3715037e-01
 1.4076357e-01 2.4604331e-01 3.5655677e-01 1.4917932e-01 2.4415007e-02
 3.1332836e-01 3.0537617e-01]
vak per_class_iou: [9.3915576e-01 3.3031099e-02 2.9683035e-04 1.1259779e-02 3.2432550e-01
 9.9587686e-02 2.3556918e-01 3.1446657e-01 1.3012145e-01 2.0706475e-02
 2.0378588e-01 2.2652869e-01]
val mIOU:0.212

epoch 11 train_loss:0.153 
train overall_acc:0.957 
train per_class_acc: [0.98983806 0.07431135 0.00671626 0.0218037  0.50606394 0.1762668
 0.38046578 0.45677456 0.22221446 0.03120583 0.37622717 0.20572282]
train per_class_iou: [0.96139556 0.05467777 0.00609315 0.01896949 0.45163321 0.12433675
 0.32394207 0.36628672 0.16879255 0.02473055 0.23818138 0.14812921]
train mIOU:0.241
epoch 11 val_loss:0.145 
val overall_acc:0.946 
val per_class_acc: [0.9795779  0.09497759 0.00485759 0.01349602 0.40235236 0.23917624
 0.43633005 0.38188395 0.18838973 0.00678718 0.3404515  0.00761776]
vak per_class_iou: [0.95072526 0.06768537 0.00457861 0.01235197 0.39269647 0.12112679
 0.39850157 0.31826505 0.15744133 0.00646935 0.23643105 0.00754861]
val mIOU:0.223

epoch 12 train_loss:0.146 
train overall_acc:0.958 
train per_class_acc: [0.98991984 0.07437334 0.00948643 0.02519861 0.4873253  0.20607045
 0.4187638  0.46723852 0.22572605 0.03775929 0.36321172 0.20493977]
train per_class_iou: [0.96305215 0.05491725 0.00858111 0.02112483 0.43782255 0.14427663
 0.36101863 0.36851352 0.17054819 0.02852151 0.23110299 0.14926426]
train mIOU:0.245
epoch 12 val_loss:0.128 
val overall_acc:0.952 
val per_class_acc: [0.9798976  0.09159409 0.00673583 0.0222234  0.52991426 0.16527028
 0.44303972 0.4258609  0.2901593  0.03753807 0.47688043 0.05170723]
vak per_class_iou: [0.95532995 0.06694213 0.0063248  0.01936619 0.49293047 0.12898353
 0.41678903 0.3323132  0.2000667  0.03187104 0.31176153 0.04986524]
val mIOU:0.251

epoch 13 train_loss:0.139 
train overall_acc:0.960 
train per_class_acc: [0.9897354  0.07862017 0.01181721 0.02707177 0.50777155 0.24929254
 0.4170048  0.4570047  0.22072677 0.04239711 0.44452807 0.24486832]
train per_class_iou: [0.96414036 0.05854063 0.01072948 0.0230352  0.45152453 0.18495122
 0.36043456 0.36265227 0.16563514 0.03237249 0.2787925  0.18460023]
train mIOU:0.256
epoch 13 val_loss:0.138 
val overall_acc:0.947 
val per_class_acc: [0.9787992  0.12644698 0.02523651 0.02678545 0.49062628 0.274887
 0.35618427 0.40632927 0.27633485 0.03130694 0.4390746  0.10046394]
vak per_class_iou: [0.95359176 0.08894963 0.0218429  0.02299358 0.46183136 0.14323233
 0.34313294 0.28960046 0.1889984  0.02507624 0.2479948  0.08715226]
val mIOU:0.240

epoch 14 train_loss:0.145 
train overall_acc:0.958 
train per_class_acc: [0.9895764  0.07755243 0.01510592 0.03349066 0.51306784 0.23079516
 0.40022457 0.46336943 0.23833634 0.04971686 0.43103912 0.20644335]
train per_class_iou: [0.96297467 0.05851724 0.01355251 0.02786559 0.45475173 0.17152703
 0.33921883 0.3663995  0.17893119 0.03635971 0.26990524 0.15045033]
train mIOU:0.253
epoch 14 val_loss:0.159 
val overall_acc:0.941 
val per_class_acc: [0.9821947  0.06021273 0.00762169 0.01903903 0.47978267 0.08454975
 0.20935655 0.41795602 0.10284932 0.01156833 0.38534647 0.15797777]
vak per_class_iou: [0.94301206 0.05092125 0.00724295 0.01702319 0.46483693 0.07333293
 0.19208875 0.33696184 0.09518389 0.01062274 0.2863797  0.1338932 ]
val mIOU:0.218

epoch 15 train_loss:0.143 
train overall_acc:0.959 
train per_class_acc: [0.9895774  0.08949114 0.01299362 0.03793258 0.5140514  0.23423035
 0.390594   0.44672728 0.21437857 0.04774953 0.41492602 0.2640385 ]
train per_class_iou: [0.9630027  0.0664116  0.01170533 0.0306823  0.4587149  0.16603152
 0.3329186  0.35634536 0.16485345 0.03515661 0.26188344 0.19206089]
train mIOU:0.253
epoch 15 val_loss:0.138 
val overall_acc:0.948 
val per_class_acc: [0.9732725  0.15779248 0.03747556 0.05026286 0.52348226 0.426711
 0.4642421  0.45185766 0.31184262 0.10241809 0.60625774 0.56013936]
vak per_class_iou: [0.95545393 0.1032246  0.03088397 0.03770205 0.50886756 0.18538254
 0.40050277 0.33496034 0.19352895 0.05684843 0.26890737 0.30898744]
val mIOU:0.282

epoch 16 train_loss:0.125 
train overall_acc:0.963 
train per_class_acc: [0.9904721  0.09277003 0.01910188 0.04607882 0.5748174  0.28779918
 0.43988863 0.4978068  0.23545384 0.06028196 0.5141321  0.2987758 ]
train per_class_iou: [0.9682111  0.06869571 0.01669597 0.03668373 0.52411085 0.21560885
 0.37904546 0.39347845 0.18080445 0.0443925  0.3234065  0.22441357]
train mIOU:0.281
epoch 16 val_loss:0.120 
val overall_acc:0.953 
val per_class_acc: [0.97975326 0.06389365 0.00623516 0.02208949 0.5363916  0.27587113
 0.4698966  0.40506595 0.19809148 0.0358998  0.46265206 0.3073986 ]
vak per_class_iou: [0.95655227 0.05423237 0.0059553  0.01959145 0.50341326 0.17976074
 0.42779344 0.349637   0.1687208  0.03098507 0.33416015 0.2599851 ]
val mIOU:0.274

epoch 17 train_loss:0.122 
train overall_acc:0.964 
train per_class_acc: [0.99074996 0.10025906 0.01989076 0.05584048 0.5511624  0.30148542
 0.45821968 0.4843251  0.25166407 0.07448607 0.51335645 0.32126367]
train per_class_iou: [0.9689117  0.0750315  0.01751878 0.04425168 0.49899584 0.22327526
 0.40182176 0.38481784 0.19131501 0.05355169 0.34085625 0.23723766]
train mIOU:0.286
epoch 17 val_loss:0.126 
val overall_acc:0.951 
val per_class_acc: [0.97775173 0.05949709 0.01929308 0.05820253 0.6476238  0.18998726
 0.47260228 0.40690747 0.18590136 0.0979121  0.46365553 0.29098228]
vak per_class_iou: [0.9550792  0.05150007 0.01738915 0.04597719 0.530617   0.16252333
 0.42073473 0.34992233 0.16434966 0.07090798 0.2989969  0.2574199 ]
val mIOU:0.277

epoch 18 train_loss:0.128 
train overall_acc:0.962 
train per_class_acc: [0.99005836 0.09607694 0.02051737 0.05696952 0.57648367 0.30691907
 0.45063937 0.46547574 0.25367174 0.0703448  0.5133535  0.32638472]
train per_class_iou: [0.9669772  0.07235371 0.01780612 0.0457287  0.5209292  0.23827195
 0.38824922 0.37393388 0.19296704 0.05126648 0.33078042 0.23301414]
train mIOU:0.286
epoch 18 val_loss:0.176 
val overall_acc:0.930 
val per_class_acc: [0.98135984 0.14188652 0.01463222 0.03226009 0.28340057 0.18635842
 0.19251281 0.10067853 0.29037637 0.11439627 0.34683418 0.345523  ]
vak per_class_iou: [0.93422955 0.09725206 0.01307952 0.02594059 0.27623588 0.13463323
 0.18264773 0.09439409 0.169017   0.06363603 0.20967393 0.253686  ]
val mIOU:0.205

epoch 19 train_loss:0.128 
train overall_acc:0.963 
train per_class_acc: [0.99048495 0.09717139 0.02347681 0.05788026 0.57075095 0.28790486
 0.4403075  0.45108652 0.24033515 0.0764471  0.49475014 0.32871184]
train per_class_iou: [0.9676138  0.07395069 0.02001894 0.04635467 0.5139115  0.2174074
 0.3836075  0.35228777 0.184153   0.05564866 0.32935417 0.23100185]
train mIOU:0.281
epoch 19 val_loss:0.140 
val overall_acc:0.947 
val per_class_acc: [0.981994   0.04543895 0.00787619 0.01636581 0.41391855 0.09274418
 0.43154508 0.41097537 0.2337315  0.06993592 0.51528484 0.27948475]
vak per_class_iou: [0.9488197  0.03975006 0.0072638  0.0153743  0.4063269  0.08431894
 0.40396398 0.3322688  0.18762255 0.05565657 0.37153253 0.22926405]
val mIOU:0.257

epoch 20 train_loss:0.124 
train overall_acc:0.963 
train per_class_acc: [0.9903348  0.10579683 0.02371626 0.06137953 0.60161537 0.320721
 0.41818884 0.50266325 0.2603168  0.08564357 0.5405509  0.3331566 ]
train per_class_iou: [0.9683704  0.0794846  0.02022611 0.04862202 0.54728013 0.24262542
 0.35999748 0.39947167 0.19661024 0.06027589 0.3576657  0.24334732]
train mIOU:0.294
epoch 20 val_loss:0.135 
val overall_acc:0.950 
val per_class_acc: [0.98131156 0.03235216 0.01022415 0.00628503 0.46728292 0.01826815
 0.4918421  0.42988834 0.22860579 0.06404186 0.45371437 0.22114097]
vak per_class_iou: [0.9521908  0.02962184 0.00955307 0.00611098 0.45603397 0.01771733
 0.4332675  0.3387848  0.17769812 0.04860055 0.31536692 0.18336746]
val mIOU:0.247

epoch 21 train_loss:0.120 
train overall_acc:0.965 
train per_class_acc: [0.99047744 0.10338573 0.02689011 0.06346526 0.5816875  0.297253
 0.46037242 0.48571917 0.2430611  0.09011713 0.53177065 0.3811524 ]
train per_class_iou: [0.9693828  0.07757194 0.02246039 0.04928063 0.5339331  0.22479226
 0.39179838 0.38643345 0.19061027 0.06257079 0.3656648  0.27780086]
train mIOU:0.296
epoch 21 val_loss:0.119 
val overall_acc:0.954 
val per_class_acc: [0.9806655  0.14214067 0.01438146 0.06155059 0.57172483 0.19874662
 0.5298793  0.4163662  0.22605367 0.15722369 0.57126194 0.28506526]
vak per_class_iou: [0.9582497  0.106511   0.01288777 0.05095994 0.5547575  0.1579203
 0.47377568 0.34135917 0.18829808 0.09076151 0.3601441  0.22462086]
val mIOU:0.293

epoch 22 train_loss:0.113 
train overall_acc:0.966 
train per_class_acc: [0.9908892  0.11106795 0.02913512 0.07561245 0.5959477  0.3243752
 0.46240592 0.5054022  0.25816438 0.11291772 0.5265879  0.40821534]
train per_class_iou: [0.9709656  0.08425329 0.02486726 0.05935783 0.54767203 0.24530181
 0.3982705  0.4077008  0.20074728 0.07720692 0.3601329  0.29205546]
train mIOU:0.306
epoch 22 val_loss:0.114 
val overall_acc:0.954 
val per_class_acc: [0.9817194  0.08499504 0.01604517 0.04986678 0.57131344 0.15539993
 0.48063454 0.40063176 0.17855623 0.07538693 0.58953565 0.30026808]
vak per_class_iou: [0.95767254 0.0686344  0.01461071 0.04323522 0.5498707  0.12696953
 0.44558138 0.3381426  0.16126622 0.05567146 0.35356185 0.26922694]
val mIOU:0.282

epoch 23 train_loss:0.110 
train overall_acc:0.967 
train per_class_acc: [0.9908877  0.12432468 0.03281885 0.07728063 0.6417794  0.35707968
 0.49624383 0.51081496 0.26926595 0.12051927 0.5838493  0.43335122]
train per_class_iou: [0.97159123 0.09264534 0.02761484 0.06055677 0.58792484 0.27151883
 0.43040574 0.40825158 0.21204913 0.08218272 0.39505383 0.3039909 ]
train mIOU:0.320
epoch 23 val_loss:0.110 
val overall_acc:0.955 
val per_class_acc: [0.9795558  0.05195161 0.0149859  0.04456462 0.60297865 0.37332407
 0.50538474 0.4263193  0.2760797  0.07600735 0.69572604 0.32796526]
vak per_class_iou: [0.9590386  0.04648167 0.01400441 0.03966874 0.5589454  0.24702905
 0.4754369  0.367529   0.21004991 0.05781334 0.36603183 0.29253444]
val mIOU:0.303

epoch 24 train_loss:0.107 
train overall_acc:0.967 
train per_class_acc: [0.9909515  0.11984099 0.03717946 0.07683334 0.60295326 0.3521541
 0.47666696 0.5284616  0.2828471  0.1230202  0.5844176  0.50140214]
train per_class_iou: [0.9719763  0.09168436 0.03122115 0.05992566 0.55526054 0.26641297
 0.4122662  0.42006868 0.22262885 0.08350271 0.40175298 0.3591255 ]
train mIOU:0.323
epoch 24 val_loss:0.115 
val overall_acc:0.952 
val per_class_acc: [0.9781854  0.1347708  0.04127492 0.06979673 0.55616564 0.33557698
 0.49831858 0.42958438 0.27874815 0.10032312 0.51304305 0.62379074]
vak per_class_iou: [0.95698875 0.1051392  0.0340027  0.05704916 0.50754046 0.22400728
 0.45215628 0.35551888 0.21793042 0.07049681 0.33694988 0.35948762]
val mIOU:0.306

epoch 25 train_loss:0.104 
train overall_acc:0.968 
train per_class_acc: [0.9911458  0.12551127 0.04181036 0.08424158 0.6461172  0.3592943
 0.4960326  0.52335024 0.27837357 0.1292569  0.58969015 0.49676841]
train per_class_iou: [0.97285503 0.09533292 0.03526765 0.06576755 0.5949498  0.2698978
 0.43574408 0.41670796 0.21850605 0.08791048 0.40678343 0.37173778]
train mIOU:0.331
epoch 25 val_loss:0.142 
val overall_acc:0.945 
val per_class_acc: [0.9824065  0.04512405 0.02076346 0.04147638 0.29643363 0.09166754
 0.4863542  0.4575608  0.30679312 0.12688948 0.49232462 0.33638483]
vak per_class_iou: [0.94741184 0.04075256 0.01901632 0.03545612 0.29056975 0.08326196
 0.45730543 0.34702384 0.22647929 0.08384737 0.32842216 0.28874713]
val mIOU:0.262

epoch 26 train_loss:0.108 
train overall_acc:0.967 
train per_class_acc: [0.9908415  0.12604252 0.04369232 0.08308942 0.61166704 0.36861563
 0.4695323  0.5183097  0.25393587 0.12862045 0.55707455 0.46638826]
train per_class_iou: [0.9719583  0.09498427 0.03601011 0.06484798 0.560837   0.28513166
 0.41154358 0.4123571  0.19638596 0.08426573 0.39050958 0.33385235]
train mIOU:0.320
epoch 26 val_loss:0.108 
val overall_acc:0.955 
val per_class_acc: [0.9812336  0.06797448 0.01630818 0.05120672 0.5736815  0.23403838
 0.55066085 0.4236355  0.32266405 0.06924522 0.49672    0.6079603 ]
vak per_class_iou: [0.9581047  0.0604431  0.01504516 0.0436966  0.5573263  0.19374345
 0.5028423  0.3359415  0.2014168  0.05425661 0.41409504 0.38610616]
val mIOU:0.310

epoch 27 train_loss:0.103 
train overall_acc:0.968 
train per_class_acc: [0.9910825  0.13130367 0.04511954 0.08890755 0.6455103  0.41551095
 0.4927407  0.5260805  0.281725   0.13164197 0.60515916 0.44677088]
train per_class_iou: [0.9731047  0.09900398 0.0377559  0.06918935 0.59102803 0.32312053
 0.42619792 0.41991645 0.2171992  0.08948243 0.42909098 0.33446   ]
train mIOU:0.334
epoch 27 val_loss:0.104 
val overall_acc:0.956 
val per_class_acc: [0.9787741  0.08256757 0.02326334 0.11758468 0.6102156  0.42623916
 0.45466807 0.44140482 0.24882118 0.15686774 0.6392441  0.42147294]
vak per_class_iou: [0.9599968  0.06884845 0.02117379 0.08300396 0.5588893  0.27430952
 0.43066302 0.36435705 0.19764625 0.09415101 0.45317665 0.3638197 ]
val mIOU:0.323

epoch 28 train_loss:0.098 
train overall_acc:0.970 
train per_class_acc: [0.9915921  0.14787637 0.05380159 0.09144178 0.6222755  0.40364462
 0.49791196 0.53427386 0.27025154 0.13665783 0.5944334  0.48972237]
train per_class_iou: [0.97483397 0.11104656 0.04402952 0.07026426 0.5729296  0.30999213
 0.43940136 0.42333186 0.21132569 0.09090906 0.4177523  0.3586745 ]
train mIOU:0.335
epoch 28 val_loss:0.109 
val overall_acc:0.955 
val per_class_acc: [0.98047626 0.15119387 0.02628007 0.12584782 0.5174365  0.42944828
 0.46528864 0.433824   0.21230318 0.19132249 0.607792   0.659045  ]
vak per_class_iou: [0.9600341  0.11416814 0.02382611 0.08585283 0.5004256  0.27454945
 0.4285993  0.36555913 0.19047342 0.10725797 0.46662173 0.41184726]
val mIOU:0.327

epoch 29 train_loss:0.098 
train overall_acc:0.970 
train per_class_acc: [0.9914414  0.14121358 0.05304616 0.08773296 0.65013164 0.41249147
 0.4937362  0.51535845 0.27803606 0.14299409 0.59867394 0.49199745]
train per_class_iou: [0.9746887  0.10749537 0.04464447 0.06883296 0.6027681  0.3196527
 0.4330677  0.40931118 0.21643585 0.09365279 0.42367682 0.35624743]
train mIOU:0.338
epoch 29 val_loss:0.097 
val overall_acc:0.958 
val per_class_acc: [0.9807304  0.13696781 0.04917357 0.10398415 0.54923284 0.36115652
 0.5416717  0.4529609  0.2702027  0.10136726 0.39096844 0.7031896 ]
vak per_class_iou: [0.96265507 0.10623258 0.04277606 0.07703514 0.5205541  0.2474588
 0.49934903 0.3625167  0.22706984 0.0782911  0.33058512 0.41891098]
val mIOU:0.323

epoch 30 train_loss:0.094 
train overall_acc:0.971 
train per_class_acc: [0.99169093 0.15080397 0.05329797 0.09072387 0.6332905  0.43183124
 0.5111133  0.5336591  0.28834626 0.1517714  0.6398996  0.55740047]
train per_class_iou: [0.97568536 0.11291864 0.04333588 0.07055347 0.5871267  0.3416478
 0.44845343 0.42107964 0.22342834 0.10181534 0.4521754  0.40576348]
train mIOU:0.349
epoch 30 val_loss:0.103 
val overall_acc:0.957 
val per_class_acc: [0.9799068  0.13284078 0.08763371 0.09657059 0.63217175 0.35189706
 0.42829072 0.4995894  0.35130745 0.08382788 0.6192962  0.6187454 ]
vak per_class_iou: [0.96143144 0.11215826 0.07028318 0.07230493 0.56813115 0.29512045
 0.40316194 0.35060027 0.23703487 0.06254841 0.4514846  0.40754858]
val mIOU:0.333

