epoch 1 train_loss:1.162 
train overall_acc:0.890 
train per_class_acc: [0.9562646  0.04479659 0.06332759 0.01451455 0.09571026 0.01149369
 0.03546473 0.30967182 0.00656221 0.00252675 0.04479392 0.0397155 ]
train per_class_iou: [9.0243834e-01 2.5377546e-02 1.9529101e-02 6.0990131e-03 5.9497323e-02
 4.2653754e-03 1.7086416e-02 7.9792298e-02 1.6098160e-03 2.2635912e-04
 1.6795252e-02 9.9337166e-03]
train mIOU:0.095
epoch 1 val_loss:0.376 
val overall_acc:0.915 
val per_class_acc: [9.8259598e-01 7.2657955e-03 2.8691344e-02 1.5835783e-02 7.1293399e-02
 5.8512292e-03 7.4532413e-04 3.6129668e-02 3.3873736e-03 0.0000000e+00
 2.0559849e-03 2.7707776e-01]
vak per_class_iou: [9.2057061e-01 6.6896435e-03 2.2442941e-02 1.1025164e-02 6.2314883e-02
 5.2065658e-03 7.2794990e-04 2.9426618e-02 3.2482664e-03 0.0000000e+00
 1.9598431e-03 6.9394358e-02]
val mIOU:0.094

epoch 2 train_loss:0.366 
train overall_acc:0.922 
train per_class_acc: [9.9480057e-01 4.0762752e-05 4.7093024e-04 1.3615473e-04 1.7593555e-02
 3.5334076e-04 3.1657156e-02 1.6130517e-01 9.6389631e-05 0.0000000e+00
 0.0000000e+00 2.5505645e-04]
train per_class_iou: [9.2450041e-01 3.7849826e-05 3.6896637e-04 9.2228322e-05 1.1323898e-02
 2.9526677e-04 1.4411669e-02 9.7730324e-02 9.5434414e-05 0.0000000e+00
 0.0000000e+00 1.1040481e-04]
train mIOU:0.087
epoch 2 val_loss:0.323 
val overall_acc:0.913 
val per_class_acc: [9.8009592e-01 0.0000000e+00 0.0000000e+00 0.0000000e+00 1.1196430e-01
 1.1284135e-06 3.4344427e-02 3.5140219e-01 0.0000000e+00 0.0000000e+00
 0.0000000e+00 0.0000000e+00]
vak per_class_iou: [9.2004776e-01 0.0000000e+00 0.0000000e+00 0.0000000e+00 5.7716478e-02
 1.1284135e-06 2.6829744e-02 2.3385908e-01 0.0000000e+00 0.0000000e+00
 0.0000000e+00 0.0000000e+00]
val mIOU:0.103

epoch 3 train_loss:0.315 
train overall_acc:0.924 
train per_class_acc: [9.9398804e-01 1.4836444e-06 0.0000000e+00 0.0000000e+00 4.0382538e-02
 2.3049019e-02 6.4709000e-02 3.2857880e-01 0.0000000e+00 0.0000000e+00
 2.7326902e-02 1.1737640e-05]
train per_class_iou: [9.2744434e-01 1.4733270e-06 0.0000000e+00 0.0000000e+00 3.1041780e-02
 1.3701160e-02 4.4240519e-02 2.1861178e-01 0.0000000e+00 0.0000000e+00
 1.6355839e-02 1.1737640e-05]
train mIOU:0.104
epoch 3 val_loss:0.309 
val overall_acc:0.915 
val per_class_acc: [0.97950643 0.         0.         0.         0.0426515  0.00102535
 0.17382064 0.25774965 0.         0.         0.00353395 0.        ]
vak per_class_iou: [9.1736591e-01 0.0000000e+00 0.0000000e+00 0.0000000e+00 3.6866274e-02
 8.9304434e-04 1.0848070e-01 2.3912412e-01 0.0000000e+00 0.0000000e+00
 3.3993109e-03 0.0000000e+00]
val mIOU:0.109

epoch 4 train_loss:0.292 
train overall_acc:0.925 
train per_class_acc: [0.9924843  0.00197123 0.         0.         0.05412772 0.04127649
 0.11217198 0.34066826 0.         0.         0.10900107 0.00446313]
train per_class_iou: [0.9287173  0.00187765 0.         0.         0.04410831 0.02604655
 0.07778233 0.25707278 0.         0.         0.05807439 0.00400104]
train mIOU:0.116
epoch 4 val_loss:0.279 
val overall_acc:0.915 
val per_class_acc: [0.9830272  0.0029081  0.         0.         0.01931357 0.04456712
 0.0196156  0.30796033 0.         0.         0.06366605 0.14762281]
vak per_class_iou: [0.9169881  0.00282247 0.         0.         0.01908813 0.03946143
 0.0194439  0.23861788 0.         0.         0.04977332 0.13135605]
val mIOU:0.118

epoch 5 train_loss:0.264 
train overall_acc:0.928 
train per_class_acc: [9.9065083e-01 2.3327690e-02 1.5319191e-06 0.0000000e+00 7.6518543e-02
 6.4273156e-02 2.0088291e-01 3.5868233e-01 0.0000000e+00 0.0000000e+00
 9.3691282e-02 5.5270951e-02]
train per_class_iou: [9.3347597e-01 1.8412620e-02 1.5176533e-06 0.0000000e+00 5.8717016e-02
 3.9177269e-02 1.4548331e-01 2.7773276e-01 0.0000000e+00 0.0000000e+00
 5.7053246e-02 3.8450100e-02]
train mIOU:0.131
epoch 5 val_loss:0.259 
val overall_acc:0.917 
val per_class_acc: [9.7736639e-01 6.0072228e-02 1.5181351e-04 5.9625545e-05 9.5331686e-04
 1.3819620e-03 2.4609371e-01 3.2061812e-01 3.4757628e-04 1.5176600e-04
 3.7622947e-01 3.1990150e-01]
vak per_class_iou: [9.2384219e-01 4.2880405e-02 1.5094964e-04 5.9573267e-05 9.4633282e-04
 1.3728056e-03 1.7494449e-01 2.6986656e-01 3.4751897e-04 1.3691810e-04
 1.3076223e-01 1.8107821e-01]
val mIOU:0.144

epoch 6 train_loss:0.237 
train overall_acc:0.933 
train per_class_acc: [9.8884940e-01 4.1916125e-02 1.7746654e-05 5.1705574e-06 1.8321583e-01
 4.7850113e-02 2.3671286e-01 3.7059966e-01 0.0000000e+00 0.0000000e+00
 1.4098193e-01 1.4842999e-01]
train per_class_iou: [9.38732862e-01 3.10697835e-02 1.76881040e-05 5.15640386e-06
 1.43703207e-01 3.07863969e-02 1.71136498e-01 2.93353111e-01
 0.00000000e+00 0.00000000e+00 7.61010349e-02 1.10669985e-01]
train mIOU:0.150
epoch 6 val_loss:0.229 
val overall_acc:0.924 
val per_class_acc: [9.6955502e-01 5.5787776e-02 0.0000000e+00 3.9894894e-05 3.1283274e-01
 2.1504501e-03 2.9032376e-01 4.2751899e-01 0.0000000e+00 0.0000000e+00
 2.2857126e-02 3.5359010e-02]
vak per_class_iou: [9.2937976e-01 4.3285117e-02 0.0000000e+00 3.9728027e-05 2.5260225e-01
 2.0867700e-03 1.8651456e-01 3.2162550e-01 0.0000000e+00 0.0000000e+00
 2.1149013e-02 3.3648707e-02]
val mIOU:0.149

epoch 7 train_loss:0.206 
train overall_acc:0.941 
train per_class_acc: [9.8868263e-01 5.2799422e-02 6.8813690e-04 6.0586300e-04 3.4031832e-01
 6.7099735e-02 2.9674748e-01 3.8280150e-01 3.0393933e-03 1.4437701e-03
 1.4974417e-01 2.4483353e-01]
train per_class_iou: [9.4757229e-01 3.7894771e-02 6.5785140e-04 5.8577134e-04 2.7731308e-01
 4.6786845e-02 2.2891399e-01 3.0889779e-01 2.8520545e-03 1.3286336e-03
 9.2120670e-02 1.5706466e-01]
train mIOU:0.175
epoch 7 val_loss:0.185 
val overall_acc:0.934 
val per_class_acc: [9.6672899e-01 2.6335174e-02 1.1695907e-05 3.5106883e-04 5.4350603e-01
 4.0847227e-02 4.6703860e-01 2.7006948e-01 0.0000000e+00 0.0000000e+00
 8.5669328e-03 1.1223561e-02]
vak per_class_iou: [9.40776885e-01 2.31627524e-02 1.16877045e-05 3.50037008e-04
 3.81595969e-01 3.56003866e-02 2.71909982e-01 2.54290164e-01
 0.00000000e+00 0.00000000e+00 8.44941754e-03 1.11779422e-02]
val mIOU:0.161

epoch 8 train_loss:0.192 
train overall_acc:0.945 
train per_class_acc: [0.9876753  0.05820261 0.00181235 0.00143628 0.39626    0.0585997
 0.3616207  0.40075377 0.01407458 0.00720366 0.18416846 0.28454766]
train per_class_iou: [0.95079213 0.04223248 0.00170574 0.00139269 0.31709552 0.04445742
 0.27407846 0.3247699  0.01163686 0.00587634 0.11249102 0.18386543]
train mIOU:0.189
epoch 8 val_loss:0.176 
val overall_acc:0.938 
val per_class_acc: [9.7914910e-01 3.5910998e-02 3.0110325e-04 3.4707735e-04 4.9383622e-01
 1.1003934e-01 1.6857260e-01 3.6794370e-01 0.0000000e+00 8.9508994e-03
 2.7914083e-01 3.6592469e-01]
vak per_class_iou: [9.4266915e-01 2.9370245e-02 2.9761551e-04 3.4570051e-04 4.1306302e-01
 9.3529508e-02 1.5537174e-01 3.2020891e-01 0.0000000e+00 8.1723630e-03
 1.8768142e-01 2.0562878e-01]
val mIOU:0.196

epoch 9 train_loss:0.168 
train overall_acc:0.952 
train per_class_acc: [0.98916847 0.06757081 0.00376979 0.00327527 0.45442516 0.10328801
 0.36790046 0.42862773 0.02774088 0.01165907 0.22793935 0.29846767]
train per_class_iou: [0.9578815  0.0494765  0.00361381 0.00312091 0.39124018 0.08062216
 0.28739545 0.35014284 0.02356686 0.00969818 0.13952139 0.19586398]
train mIOU:0.208
epoch 9 val_loss:0.160 
val overall_acc:0.943 
val per_class_acc: [0.97470886 0.09752742 0.0097235  0.00528478 0.53320545 0.00904623
 0.38273257 0.453667   0.15927884 0.04524262 0.30593082 0.5075732 ]
vak per_class_iou: [0.94856554 0.0708243  0.00914164 0.00506377 0.46821848 0.00881826
 0.28276488 0.34859905 0.12760676 0.03423791 0.19526982 0.20673198]
val mIOU:0.225

epoch 10 train_loss:0.166 
train overall_acc:0.952 
train per_class_acc: [0.98877186 0.07537143 0.00608171 0.00409889 0.45722744 0.09925286
 0.38975674 0.43938932 0.06887279 0.01702477 0.3192035  0.28996357]
train per_class_iou: [0.95803523 0.05296116 0.00567775 0.00385979 0.39289775 0.07230411
 0.3166446  0.35904664 0.06108565 0.01340378 0.19042255 0.18596777]
train mIOU:0.218
epoch 10 val_loss:0.207 
val overall_acc:0.933 
val per_class_acc: [0.9732971  0.06010166 0.00130681 0.00339803 0.5990288  0.05389653
 0.08500483 0.4020165  0.08963963 0.01350087 0.25732708 0.15720266]
vak per_class_iou: [0.9431113  0.04669158 0.00129491 0.00327289 0.3954219  0.04816069
 0.08076453 0.3273076  0.08334993 0.01192027 0.18724376 0.12131037]
val mIOU:0.187

epoch 11 train_loss:0.156 
train overall_acc:0.956 
train per_class_acc: [0.9894804  0.07844459 0.00868975 0.0064372  0.5216707  0.1206289
 0.40519825 0.43969595 0.09686221 0.02042997 0.3496896  0.25415072]
train per_class_iou: [0.9612088  0.05597388 0.00798373 0.00586067 0.45896098 0.08915227
 0.3275322  0.35681853 0.07936385 0.01614913 0.20572084 0.17213784]
train mIOU:0.228
epoch 11 val_loss:0.166 
val overall_acc:0.944 
val per_class_acc: [9.7876775e-01 8.1365630e-02 3.0688766e-02 7.3119262e-03 4.7338921e-01
 8.7765366e-02 3.2922152e-01 5.0187153e-01 1.3252756e-01 3.1681737e-04
 1.4874496e-01 4.3646726e-01]
vak per_class_iou: [9.4748181e-01 6.0204208e-02 2.5807414e-02 6.9343271e-03 4.5661271e-01
 7.2497159e-02 2.7471268e-01 3.4308779e-01 1.1929033e-01 3.0882531e-04
 1.2399368e-01 2.2027601e-01]
val mIOU:0.221

epoch 12 train_loss:0.147 
train overall_acc:0.958 
train per_class_acc: [0.9899149  0.0839693  0.01141653 0.00957012 0.5143693  0.16825709
 0.4343312  0.44937187 0.14365011 0.01941844 0.4042839  0.32815197]
train per_class_iou: [0.9637247  0.05980263 0.0104171  0.00871558 0.45848143 0.12465584
 0.359336   0.3670711  0.11893895 0.01591337 0.24176562 0.21726954]
train mIOU:0.246
epoch 12 val_loss:0.140 
val overall_acc:0.948 
val per_class_acc: [9.79545236e-01 8.40782560e-03 1.67089584e-03 9.59425466e-04
 5.66063643e-01 1.18451454e-01 4.16638434e-01 2.59025961e-01
 6.40256852e-02 0.00000000e+00 4.41283137e-01 1.33824609e-02]
vak per_class_iou: [0.95091033 0.00800988 0.00165688 0.00095728 0.5329402  0.09843437
 0.3280071  0.24974583 0.06158145 0.         0.30715042 0.01335101]
val mIOU:0.213

epoch 13 train_loss:0.143 
train overall_acc:0.959 
train per_class_acc: [0.98964125 0.09178194 0.01330522 0.0100755  0.54147315 0.19046466
 0.43548873 0.4694426  0.16985972 0.02082392 0.44767466 0.36038068]
train per_class_iou: [0.96400493 0.06515334 0.01187158 0.00912958 0.48099554 0.13623737
 0.36107162 0.3808886  0.1370788  0.01723211 0.2819959  0.2292329 ]
train mIOU:0.256
epoch 13 val_loss:0.141 
val overall_acc:0.947 
val per_class_acc: [0.9730895  0.11198104 0.01310649 0.00731932 0.5994385  0.2089698
 0.42195755 0.42503002 0.16179363 0.03263398 0.6723512  0.00128085]
vak per_class_iou: [0.9541978  0.08180447 0.01212053 0.00691647 0.45510724 0.1697544
 0.31671134 0.3644618  0.14062336 0.02653554 0.33892354 0.00124765]
val mIOU:0.239

epoch 14 train_loss:0.138 
train overall_acc:0.960 
train per_class_acc: [0.99011904 0.10228004 0.01330037 0.01336392 0.5695568  0.1953625
 0.44048128 0.46706942 0.17169546 0.02305993 0.4682442  0.28552026]
train per_class_iou: [0.96601325 0.07166766 0.01200197 0.01184386 0.51342916 0.14334337
 0.36211193 0.37876692 0.13947792 0.01834502 0.29265106 0.17984402]
train mIOU:0.257
epoch 14 val_loss:0.131 
val overall_acc:0.950 
val per_class_acc: [0.97874075 0.18620493 0.01238205 0.04241399 0.6083952  0.34631315
 0.27527392 0.47892395 0.21976204 0.04747153 0.5687326  0.19789743]
vak per_class_iou: [0.95680815 0.11047436 0.01153759 0.03327394 0.5661049  0.22252181
 0.2677889  0.38974974 0.17707293 0.03429294 0.34835455 0.15360492]
val mIOU:0.273

epoch 15 train_loss:0.133 
train overall_acc:0.961 
train per_class_acc: [0.99022704 0.11968295 0.01809402 0.01585641 0.5600847  0.22592303
 0.46966255 0.47742552 0.20390452 0.03194462 0.5050185  0.2686479 ]
train per_class_iou: [0.9672018  0.08240303 0.0159752  0.01398252 0.5011026  0.16678514
 0.38999963 0.38477996 0.15578786 0.02630779 0.3165367  0.18299156]
train mIOU:0.267
epoch 15 val_loss:0.135 
val overall_acc:0.950 
val per_class_acc: [0.9770076  0.01470501 0.00457338 0.00117245 0.5369709  0.19839682
 0.48336166 0.40289396 0.17961684 0.02117036 0.4550956  0.20282818]
vak per_class_iou: [0.95312726 0.01376721 0.00446004 0.00115601 0.5110134  0.17535816
 0.32905176 0.35286576 0.16345711 0.01940644 0.33487847 0.15827242]
val mIOU:0.251

epoch 16 train_loss:0.127 
train overall_acc:0.962 
train per_class_acc: [0.99027383 0.12249079 0.01819648 0.01852596 0.54262984 0.23442243
 0.49028385 0.47835925 0.22960562 0.0488351  0.5131389  0.33517987]
train per_class_iou: [0.9678872  0.08416931 0.01614244 0.01610241 0.4930451  0.1746989
 0.4115952  0.38854402 0.16896078 0.03818746 0.3323232  0.21871848]
train mIOU:0.276
epoch 16 val_loss:0.128 
val overall_acc:0.951 
val per_class_acc: [0.977075   0.1640173  0.0136725  0.0281895  0.61752784 0.34168205
 0.30662903 0.45631456 0.2838737  0.08588707 0.61341214 0.36260846]
vak per_class_iou: [0.95757586 0.11293299 0.01282507 0.02440709 0.52280986 0.25457802
 0.28924772 0.38263673 0.19211644 0.05873203 0.35262024 0.23262082]
val mIOU:0.283

epoch 17 train_loss:0.121 
train overall_acc:0.965 
train per_class_acc: [0.9908641  0.13225444 0.02268857 0.02780464 0.6232904  0.2659618
 0.4933336  0.47927237 0.23542978 0.05685201 0.55684346 0.3157127 ]
train per_class_iou: [0.97038496 0.09219065 0.01977872 0.02319243 0.5674571  0.19923139
 0.41720617 0.38743767 0.17709753 0.04474983 0.3560154  0.21536031]
train mIOU:0.289
epoch 17 val_loss:0.128 
val overall_acc:0.952 
val per_class_acc: [0.97563106 0.20059876 0.02665056 0.0380641  0.61973065 0.25236216
 0.4887904  0.4479867  0.2775429  0.09171174 0.62991464 0.26868013]
vak per_class_iou: [0.9585188  0.12437759 0.02341097 0.03141356 0.52434415 0.20928402
 0.38143656 0.38894928 0.20133469 0.06420255 0.35535428 0.21588627]
val mIOU:0.290

epoch 18 train_loss:0.118 
train overall_acc:0.965 
train per_class_acc: [0.9907613  0.13455914 0.02053546 0.03024835 0.59096265 0.29412717
 0.5087361  0.48942187 0.22400437 0.06110872 0.56303656 0.34810326]
train per_class_iou: [0.9706927  0.09367596 0.01798434 0.02510907 0.5377535  0.22308643
 0.4270614  0.3952623  0.16699643 0.04815936 0.37313992 0.24227844]
train mIOU:0.293
epoch 18 val_loss:0.114 
val overall_acc:0.955 
val per_class_acc: [0.9786154  0.20205519 0.01960222 0.05105652 0.6389464  0.38364747
 0.4418969  0.48962095 0.34325054 0.07099248 0.5673688  0.4857626 ]
vak per_class_iou: [0.96157974 0.1338711  0.01795677 0.04033303 0.56813914 0.28397676
 0.40284157 0.4094127  0.25363925 0.05429174 0.40116543 0.2646364 ]
val mIOU:0.316

epoch 19 train_loss:0.115 
train overall_acc:0.966 
train per_class_acc: [0.9911415  0.14612086 0.02664841 0.03725779 0.6050961  0.28356928
 0.49671808 0.4949851  0.25308934 0.0636637  0.5516341  0.39856067]
train per_class_iou: [0.97164875 0.10148073 0.02314787 0.03078601 0.55352855 0.21471667
 0.42176425 0.39778137 0.19008686 0.0487956  0.3807279  0.2699549 ]
train mIOU:0.300
epoch 19 val_loss:0.120 
val overall_acc:0.954 
val per_class_acc: [0.97982866 0.07316437 0.01845926 0.01124274 0.60321444 0.23722306
 0.42972496 0.46885824 0.26041195 0.06156166 0.5598142  0.16329981]
vak per_class_iou: [0.9577033  0.06163906 0.01708359 0.01058702 0.55008644 0.20520714
 0.38414603 0.37960652 0.20241976 0.04995701 0.36226174 0.13640435]
val mIOU:0.276

epoch 20 train_loss:0.117 
train overall_acc:0.965 
train per_class_acc: [0.99092555 0.13467818 0.03250594 0.04047493 0.6037854  0.29820895
 0.5207155  0.49241906 0.23480466 0.08006022 0.56042206 0.3637821 ]
train per_class_iou: [0.9708018  0.09587429 0.02758095 0.03288813 0.55180717 0.22509946
 0.43539703 0.39414245 0.17357087 0.05963024 0.3756725  0.25347036]
train mIOU:0.300
epoch 20 val_loss:0.127 
val overall_acc:0.952 
val per_class_acc: [0.9806911  0.20547707 0.01670034 0.06081234 0.5180762  0.37635103
 0.365977   0.4439406  0.31843698 0.11519834 0.5773318  0.47181883]
vak per_class_iou: [0.9579069  0.12746255 0.01553482 0.04685658 0.5035115  0.29794115
 0.33668083 0.37694663 0.23023081 0.08309244 0.38313466 0.32272962]
val mIOU:0.307

epoch 21 train_loss:0.117 
train overall_acc:0.965 
train per_class_acc: [0.99099785 0.14687006 0.03507372 0.03981379 0.61471355 0.31750116
 0.5026703  0.48994124 0.239325   0.0927655  0.5760516  0.41540125]
train per_class_iou: [0.97101307 0.10349858 0.02949228 0.03319323 0.5580701  0.2415732
 0.4277572  0.39257663 0.17950942 0.06709158 0.39797568 0.29269975]
train mIOU:0.308
epoch 21 val_loss:0.115 
val overall_acc:0.954 
val per_class_acc: [0.97864604 0.10671134 0.02135213 0.03124472 0.6482122  0.30381292
 0.48204    0.46383634 0.29601952 0.05515221 0.53756064 0.3879917 ]
vak per_class_iou: [0.95847046 0.08039432 0.01917355 0.02776405 0.58812314 0.2518964
 0.42119867 0.38771117 0.2162904  0.04547099 0.39095542 0.30837336]
val mIOU:0.308

epoch 22 train_loss:0.111 
train overall_acc:0.967 
train per_class_acc: [0.9914951  0.15398447 0.03251016 0.04897107 0.6128194  0.32567096
 0.5237128  0.49808243 0.25960943 0.10521447 0.57502913 0.44311768]
train per_class_iou: [0.97263926 0.10727976 0.0276473  0.03897086 0.5549077  0.24770893
 0.44224826 0.40280253 0.1972637  0.07293288 0.39280498 0.31425703]
train mIOU:0.314
epoch 22 val_loss:0.108 
val overall_acc:0.956 
val per_class_acc: [0.97967494 0.14368981 0.02576466 0.05622028 0.5825462  0.3489593
 0.45777738 0.49362743 0.389896   0.11386783 0.65582407 0.43293253]
vak per_class_iou: [0.9610901  0.10889053 0.02318187 0.04570228 0.5339708  0.2994877
 0.41893    0.40182182 0.2535811  0.07714432 0.4247012  0.28820893]
val mIOU:0.320

epoch 23 train_loss:0.105 
train overall_acc:0.968 
train per_class_acc: [0.9915032  0.16340156 0.03891097 0.05769655 0.6198119  0.3455823
 0.52127254 0.52591556 0.27515972 0.11995783 0.59263533 0.47165173]
train per_class_iou: [0.9739429  0.11593144 0.03251965 0.04620136 0.56411994 0.2678731
 0.4477345  0.42292494 0.20429672 0.0843573  0.40563217 0.3434591 ]
train mIOU:0.326
epoch 23 val_loss:0.108 
val overall_acc:0.955 
val per_class_acc: [0.9799455  0.14551742 0.01608497 0.05310798 0.6000472  0.24321358
 0.46521065 0.46840173 0.33159283 0.12842916 0.685609   0.36490756]
vak per_class_iou: [0.9599993  0.11128184 0.01502881 0.04462177 0.5595941  0.19176629
 0.39890668 0.40690625 0.23781714 0.08989061 0.46917406 0.285916  ]
val mIOU:0.314

epoch 24 train_loss:0.123 
train overall_acc:0.964 
train per_class_acc: [0.9905787  0.14869791 0.03695415 0.04812326 0.60669905 0.30727232
 0.45329764 0.47897038 0.23126853 0.09972137 0.577699   0.42809483]
train per_class_iou: [0.96962273 0.10794092 0.03087328 0.03913954 0.55271524 0.23617779
 0.37920824 0.38765365 0.17563091 0.07104675 0.38848898 0.2947364 ]
train mIOU:0.303
epoch 24 val_loss:0.123 
val overall_acc:0.952 
val per_class_acc: [0.979641   0.14463322 0.0712821  0.05170132 0.54943746 0.13827379
 0.37626538 0.49300128 0.3184662  0.13712074 0.58012205 0.47853246]
vak per_class_iou: [0.9577841  0.10746138 0.05470445 0.04346049 0.52270776 0.12961532
 0.33860263 0.3480919  0.19840406 0.0876513  0.40230498 0.2650918 ]
val mIOU:0.288

epoch 25 train_loss:0.104 
train overall_acc:0.969 
train per_class_acc: [0.99162835 0.17036818 0.04612703 0.06033292 0.62098575 0.3615907
 0.5220047  0.51462996 0.26150593 0.12139796 0.5943574  0.4778866 ]
train per_class_iou: [0.9741343  0.12335273 0.03840325 0.04890281 0.5768285  0.28483236
 0.44426915 0.416459   0.19344261 0.08474243 0.4155939  0.33886412]
train mIOU:0.328
epoch 25 val_loss:0.108 
val overall_acc:0.956 
val per_class_acc: [0.9771159  0.30756205 0.04284954 0.0792518  0.6489292  0.5068004
 0.45237243 0.49603647 0.40035322 0.16145879 0.6698048  0.53917706]
vak per_class_iou: [0.9632381  0.17194729 0.0361468  0.06217242 0.59684485 0.33260995
 0.42209336 0.38628945 0.24773462 0.10186745 0.42092922 0.29650724]
val mIOU:0.337

epoch 26 train_loss:0.096 
train overall_acc:0.971 
train per_class_acc: [0.9920721  0.18656324 0.05438921 0.06431836 0.64256686 0.4047023
 0.56204396 0.51434046 0.283057   0.14420125 0.6272671  0.514062  ]
train per_class_iou: [0.9764053  0.13263695 0.04457726 0.0521514  0.5937492  0.31632984
 0.48571664 0.41440728 0.2135362  0.09759278 0.4474543  0.37449357]
train mIOU:0.346
epoch 26 val_loss:0.102 
val overall_acc:0.958 
val per_class_acc: [0.9793878  0.14406565 0.05467438 0.05327803 0.6326285  0.50643677
 0.50658566 0.5272046  0.3519622  0.21156515 0.668719   0.32670215]
vak per_class_iou: [0.9629106  0.11469737 0.04566908 0.04702199 0.59482485 0.369312
 0.43769297 0.42548066 0.2555758  0.12044012 0.4818246  0.26942447]
val mIOU:0.344

epoch 27 train_loss:0.097 
train overall_acc:0.970 
train per_class_acc: [0.99201983 0.18316379 0.05679616 0.06120758 0.6269934  0.37811163
 0.5286496  0.53069466 0.2751429  0.14559771 0.6388461  0.50172526]
train per_class_iou: [0.9761808  0.12990676 0.0464718  0.04995399 0.5753594  0.29564473
 0.4533238  0.42575085 0.20565298 0.09616605 0.44753975 0.37036982]
train mIOU:0.339
epoch 27 val_loss:0.103 
val overall_acc:0.957 
val per_class_acc: [0.9765813  0.28080124 0.07196419 0.1254314  0.58894444 0.51263297
 0.511377   0.5166141  0.2871494  0.18185166 0.6407232  0.6017771 ]
vak per_class_iou: [0.964661   0.16809367 0.05452879 0.08373591 0.5268061  0.37416327
 0.42288557 0.40985093 0.22596548 0.11515988 0.43044364 0.3243856 ]
val mIOU:0.342

epoch 28 train_loss:0.092 
train overall_acc:0.972 
train per_class_acc: [0.9923036  0.19696859 0.06356746 0.06629001 0.6539824  0.4289266
 0.5498372  0.53855026 0.29190937 0.14913064 0.6412761  0.5127028 ]
train per_class_iou: [0.97759706 0.1394698  0.05117449 0.05421214 0.6028944  0.33594677
 0.47886238 0.43113467 0.21971506 0.10005597 0.45480406 0.3789254 ]
train mIOU:0.352
epoch 28 val_loss:0.101 
val overall_acc:0.957 
val per_class_acc: [0.9780912  0.24192075 0.08413282 0.05636741 0.5881841  0.49490574
 0.53390557 0.5291777  0.34089568 0.19403878 0.53572404 0.54542565]
vak per_class_iou: [0.96386874 0.15418038 0.06682349 0.04843933 0.5479681  0.35678324
 0.4280868  0.43401814 0.25079772 0.12820944 0.44244024 0.39392245]
val mIOU:0.351

epoch 29 train_loss:0.101 
train overall_acc:0.969 
train per_class_acc: [0.9914558  0.1781821  0.05878678 0.06016094 0.6292886  0.3951715
 0.5366345  0.51852024 0.2935933  0.1377319  0.6218447  0.5587197 ]
train per_class_iou: [0.97482127 0.12668788 0.0478841  0.04876325 0.57414204 0.3058693
 0.4559029  0.41175917 0.22132342 0.0936075  0.438947   0.39908305]
train mIOU:0.342
epoch 29 val_loss:0.109 
val overall_acc:0.955 
val per_class_acc: [0.9785307  0.12049215 0.03891977 0.04391713 0.6000669  0.33666733
 0.5411443  0.41631883 0.28812084 0.11472806 0.6716003  0.5481445 ]
vak per_class_iou: [0.9593654  0.09390251 0.0340018  0.03926735 0.56256765 0.29434782
 0.41282806 0.38500938 0.24747759 0.08198053 0.4549653  0.41158536]
val mIOU:0.331

epoch 30 train_loss:0.100 
train overall_acc:0.970 
train per_class_acc: [0.9916553  0.18577363 0.06190236 0.06496189 0.6423395  0.40416288
 0.5148862  0.52833325 0.2914066  0.1460154  0.6391069  0.5088427 ]
train per_class_iou: [0.9750369  0.13317755 0.05006652 0.05331144 0.59287536 0.31451383
 0.4459662  0.42458484 0.21569034 0.09820602 0.4464396  0.37173536]
train mIOU:0.343
epoch 30 val_loss:0.118 
val overall_acc:0.952 
val per_class_acc: [0.9781114  0.14611463 0.03926184 0.05938967 0.6426179  0.44315004
 0.36910567 0.3718143  0.35913125 0.1400097  0.62801653 0.50583756]
vak per_class_iou: [0.9582215  0.11313716 0.03426556 0.04972189 0.5613893  0.3417668
 0.32696408 0.2874982  0.22577529 0.09879021 0.4424702  0.32866943]
val mIOU:0.314

