epoch 1 train_loss:1.256 
train overall_acc:0.876 
train per_class_acc: [0.94152766 0.06678574 0.00682046 0.00736319 0.02283811 0.05008024
 0.070263   0.3329135  0.08189833 0.00301125 0.04149909 0.03901676]
train per_class_iou: [0.8889143  0.03154719 0.00403641 0.0036113  0.01517902 0.0119752
 0.02855131 0.09286754 0.01124236 0.00094765 0.01581291 0.02011797]
train mIOU:0.094
epoch 1 val_loss:0.405 
val overall_acc:0.911 
val per_class_acc: [9.7727805e-01 4.8286347e-03 4.1597192e-03 0.0000000e+00 1.7551631e-01
 3.5107005e-05 8.5705779e-02 2.8043956e-01 0.0000000e+00 0.0000000e+00
 1.7535971e-03 0.0000000e+00]
vak per_class_iou: [9.1775614e-01 4.4846027e-03 3.9973576e-03 0.0000000e+00 1.1424967e-01
 3.4984569e-05 4.8481826e-02 2.3667240e-01 0.0000000e+00 0.0000000e+00
 1.6233504e-03 0.0000000e+00]
val mIOU:0.111

epoch 2 train_loss:0.348 
train overall_acc:0.924 
train per_class_acc: [9.9472672e-01 1.1062690e-04 5.1624179e-06 0.0000000e+00 1.0835116e-02
 4.6722121e-03 2.3578901e-02 1.5895317e-01 7.6007840e-05 0.0000000e+00
 3.3388991e-02 0.0000000e+00]
train per_class_iou: [9.24997568e-01 1.06664476e-04 5.14839712e-06 0.00000000e+00
 8.57538823e-03 3.43607133e-03 1.78428311e-02 1.22107521e-01
 7.32737753e-05 0.00000000e+00 2.16609184e-02 0.00000000e+00]
train mIOU:0.092
epoch 2 val_loss:0.325 
val overall_acc:0.903 
val per_class_acc: [9.6802801e-01 2.3691635e-05 0.0000000e+00 0.0000000e+00 1.6743286e-01
 6.7729969e-03 4.9426138e-02 3.4296864e-01 0.0000000e+00 0.0000000e+00
 7.6468796e-02 0.0000000e+00]
vak per_class_iou: [9.0862507e-01 2.3648519e-05 0.0000000e+00 0.0000000e+00 9.9665061e-02
 5.8777560e-03 3.7639309e-02 2.4665292e-01 0.0000000e+00 0.0000000e+00
 5.6389648e-02 0.0000000e+00]
val mIOU:0.113

epoch 3 train_loss:0.295 
train overall_acc:0.925 
train per_class_acc: [9.9339193e-01 1.7642790e-03 1.2451625e-06 0.0000000e+00 3.8472917e-02
 4.7774442e-02 6.7039661e-02 3.2374278e-01 3.7272534e-05 0.0000000e+00
 3.5749424e-02 6.9663593e-06]
train per_class_iou: [9.2783445e-01 1.7025440e-03 1.2426066e-06 0.0000000e+00 2.9024441e-02
 2.8706506e-02 5.0106894e-02 2.4251027e-01 3.5229237e-05 0.0000000e+00
 2.6312152e-02 6.9663593e-06]
train mIOU:0.109
epoch 3 val_loss:0.303 
val overall_acc:0.911 
val per_class_acc: [0.98295367 0.00354633 0.         0.         0.00831432 0.00256412
 0.03980795 0.3612099  0.         0.         0.00872326 0.        ]
vak per_class_iou: [0.91235673 0.00346398 0.         0.         0.00769541 0.00232131
 0.03480345 0.2700757  0.         0.         0.0079459  0.        ]
val mIOU:0.103

epoch 4 train_loss:0.263 
train overall_acc:0.928 
train per_class_acc: [9.9141163e-01 2.2117386e-02 1.2334987e-03 0.0000000e+00 7.2085313e-02
 4.2374346e-02 1.4934747e-01 3.2192984e-01 5.9853070e-03 7.5719858e-05
 1.0084912e-01 6.2411246e-03]
train per_class_iou: [9.3239206e-01 1.8535966e-02 1.1160773e-03 0.0000000e+00 5.6193162e-02
 3.0337904e-02 1.0878175e-01 2.5858113e-01 5.1900451e-03 7.5285679e-05
 6.7116469e-02 5.7947119e-03]
train mIOU:0.124
epoch 4 val_loss:0.247 
val overall_acc:0.918 
val per_class_acc: [0.9789497  0.0785109  0.00250511 0.         0.09926823 0.068506
 0.19839689 0.42740124 0.00555264 0.         0.28000298 0.02316969]
vak per_class_iou: [0.92458576 0.05493114 0.00234961 0.         0.08092104 0.05443517
 0.16342694 0.31588033 0.0054683  0.         0.13409239 0.02143719]
val mIOU:0.146

epoch 5 train_loss:0.243 
train overall_acc:0.932 
train per_class_acc: [9.8943728e-01 3.6039501e-02 2.0041994e-03 2.6718911e-04 1.6084747e-01
 2.7308395e-02 2.0672491e-01 3.4759280e-01 1.2604155e-02 1.4611738e-04
 1.5477079e-01 4.7390345e-02]
train per_class_iou: [9.3675101e-01 2.7950956e-02 1.8534968e-03 2.5850846e-04 1.2312314e-01
 2.1612270e-02 1.5540051e-01 2.7924287e-01 1.1200490e-02 1.4105170e-04
 9.7013861e-02 3.8951308e-02]
train mIOU:0.141
epoch 5 val_loss:0.244 
val overall_acc:0.919 
val per_class_acc: [0.9799023  0.03795065 0.00420771 0.00184881 0.01490489 0.00406996
 0.29155937 0.38336998 0.02834428 0.00139102 0.07941185 0.29061273]
vak per_class_iou: [0.92318267 0.03111615 0.00404217 0.0018028  0.01473023 0.00399238
 0.22540708 0.29432255 0.02533096 0.00137623 0.06102146 0.19146055]
val mIOU:0.148

epoch 6 train_loss:0.222 
train overall_acc:0.936 
train per_class_acc: [9.8825729e-01 4.3775294e-02 2.5604430e-03 1.1183730e-03 2.3808114e-01
 3.4865152e-02 2.4165808e-01 3.5865933e-01 3.1929888e-02 1.7220819e-04
 1.8270648e-01 1.4660539e-01]
train per_class_iou: [9.4174153e-01 3.3784635e-02 2.4078849e-03 1.0487473e-03 1.8489867e-01
 2.7298497e-02 1.8841077e-01 2.8894526e-01 2.5976423e-02 1.6939377e-04
 1.1223891e-01 1.1047023e-01]
train mIOU:0.160
epoch 6 val_loss:0.203 
val overall_acc:0.930 
val per_class_acc: [9.7519755e-01 4.2666860e-02 2.7414025e-03 3.3971213e-03 3.1539553e-01
 1.0340289e-01 3.4324595e-01 4.1125897e-01 1.9931732e-02 1.3473457e-05
 2.9608232e-01 2.2981122e-01]
vak per_class_iou: [9.3785352e-01 3.4061681e-02 2.6143868e-03 3.2659888e-03 2.6303527e-01
 7.4363783e-02 2.7021557e-01 3.2275811e-01 1.9509327e-02 1.3462574e-05
 1.4799932e-01 1.7133531e-01]
val mIOU:0.187

epoch 7 train_loss:0.207 
train overall_acc:0.941 
train per_class_acc: [9.8843318e-01 4.6772089e-02 3.4083414e-03 4.6989862e-03 3.4401390e-01
 3.7476275e-02 2.6892027e-01 3.6342311e-01 3.3122811e-02 2.2153933e-04
 1.8237148e-01 1.6635990e-01]
train per_class_iou: [9.46167767e-01 3.56028974e-02 3.19489604e-03 4.42436431e-03
 2.80601233e-01 2.83081438e-02 2.13476300e-01 2.96280503e-01
 2.93319318e-02 2.15120643e-04 1.16207436e-01 1.21043548e-01]
train mIOU:0.173
epoch 7 val_loss:0.234 
val overall_acc:0.922 
val per_class_acc: [0.98182654 0.05079152 0.00613521 0.01277274 0.09833189 0.03562327
 0.18855676 0.43102586 0.11999612 0.00256254 0.1696458  0.40255082]
vak per_class_iou: [0.9274997  0.04034921 0.00578958 0.01158251 0.09785557 0.02906762
 0.1747454  0.3267088  0.07979751 0.00249148 0.10371602 0.21446297]
val mIOU:0.168

epoch 8 train_loss:0.189 
train overall_acc:0.947 
train per_class_acc: [9.8874003e-01 5.0873704e-02 3.6251415e-03 6.9898567e-03 3.8818812e-01
 5.2412529e-02 2.9595292e-01 3.9735487e-01 5.2919589e-02 9.1249344e-04
 2.3492177e-01 2.0678304e-01]
train per_class_iou: [9.5115590e-01 3.9011929e-02 3.4541702e-03 6.4860773e-03 3.3026415e-01
 3.7788801e-02 2.3327015e-01 3.2522514e-01 4.5962367e-02 8.6454069e-04
 1.4437671e-01 1.4064290e-01]
train mIOU:0.188
epoch 8 val_loss:0.198 
val overall_acc:0.932 
val per_class_acc: [0.9806169  0.08233842 0.00599714 0.00950696 0.4171103  0.13391966
 0.15009995 0.49438223 0.07113638 0.         0.15501365 0.11508755]
vak per_class_iou: [0.93672097 0.0595548  0.00561242 0.00886952 0.38331765 0.09524067
 0.14750166 0.34990725 0.06006786 0.         0.11429564 0.09219649]
val mIOU:0.188

epoch 9 train_loss:0.173 
train overall_acc:0.952 
train per_class_acc: [0.98949283 0.05517748 0.00508503 0.01016042 0.47520688 0.06995321
 0.3413207  0.39990732 0.07724966 0.00645449 0.25442925 0.2107572 ]
train per_class_iou: [0.9560341  0.04208165 0.00472999 0.00900082 0.4212895  0.05035068
 0.27085903 0.32660612 0.0658571  0.00566395 0.1582154  0.15590848]
train mIOU:0.206
epoch 9 val_loss:0.205 
val overall_acc:0.930 
val per_class_acc: [9.7875398e-01 3.9262459e-02 4.8229406e-03 1.8698765e-02 1.9749601e-01
 1.5006631e-02 4.7150755e-01 4.4210789e-01 5.9718627e-02 2.7746853e-04
 7.2571017e-02 3.1487602e-01]
vak per_class_iou: [9.3505538e-01 3.3310596e-02 4.6790694e-03 1.6947769e-02 1.9632848e-01
 1.3919476e-02 3.2401380e-01 3.5866585e-01 5.6435373e-02 2.7645167e-04
 6.3758433e-02 2.4224123e-01]
val mIOU:0.187

epoch 10 train_loss:0.163 
train overall_acc:0.954 
train per_class_acc: [0.98952246 0.061838   0.00597785 0.0154552  0.4942948  0.10738072
 0.36391956 0.41073102 0.12478425 0.01880131 0.26509255 0.27775124]
train per_class_iou: [0.95874995 0.04663125 0.00563413 0.01315536 0.439434   0.07595661
 0.30159298 0.33395696 0.10010342 0.01572589 0.16627228 0.1736839 ]
train mIOU:0.219
epoch 10 val_loss:0.170 
val overall_acc:0.940 
val per_class_acc: [0.980526   0.09596524 0.00451254 0.04806474 0.39111087 0.09025851
 0.38342327 0.48401007 0.09960295 0.02519787 0.34810746 0.46032998]
vak per_class_iou: [0.9447103  0.06766973 0.00440234 0.03710881 0.37823248 0.0752495
 0.34541994 0.3499651  0.08487713 0.02159619 0.18913421 0.28407472]
val mIOU:0.232

epoch 11 train_loss:0.159 
train overall_acc:0.954 
train per_class_acc: [0.9892168  0.0587136  0.00779081 0.01850997 0.4775     0.10636454
 0.34819102 0.42257982 0.12931219 0.02241047 0.30017105 0.2411948 ]
train per_class_iou: [0.9588866  0.04430722 0.00716884 0.0157437  0.42366317 0.07529154
 0.28597072 0.3415276  0.10701748 0.01775833 0.18390404 0.16365398]
train mIOU:0.219
epoch 11 val_loss:0.164 
val overall_acc:0.942 
val per_class_acc: [0.97570056 0.07354696 0.01077063 0.04168032 0.5036157  0.06719603
 0.41423038 0.46643394 0.21369536 0.04871313 0.36221638 0.4882733 ]
vak per_class_iou: [0.9488229  0.05762787 0.01008902 0.03244367 0.41047063 0.06068762
 0.3565601  0.36776236 0.16916618 0.03417845 0.17149119 0.26639378]
val mIOU:0.240

epoch 12 train_loss:0.154 
train overall_acc:0.956 
train per_class_acc: [0.9896164  0.06129501 0.00943784 0.01749689 0.50339514 0.126378
 0.3940273  0.42954472 0.16885848 0.02886065 0.3246337  0.22912161]
train per_class_iou: [0.96088976 0.04695738 0.00860215 0.01516062 0.45071298 0.08966617
 0.32405183 0.34581465 0.13297439 0.02228012 0.2029701  0.162238  ]
train mIOU:0.230
epoch 12 val_loss:0.161 
val overall_acc:0.942 
val per_class_acc: [0.9783872  0.04082644 0.00555784 0.0182611  0.51465    0.09028447
 0.39255512 0.46052387 0.21032982 0.03501529 0.33385494 0.23997447]
vak per_class_iou: [0.9456664  0.03465238 0.00526272 0.01622097 0.4604314  0.07669677
 0.3578211  0.376123   0.16120416 0.03027167 0.21487385 0.17597212]
val mIOU:0.238

epoch 13 train_loss:0.147 
train overall_acc:0.957 
train per_class_acc: [0.9898193  0.06769034 0.01032674 0.02157183 0.47277746 0.1484033
 0.40261117 0.4172814  0.16967443 0.03339192 0.38262773 0.19116518]
train per_class_iou: [0.96219635 0.05080424 0.00943637 0.01826923 0.4252874  0.10528599
 0.3352145  0.33328903 0.13503881 0.02604815 0.22995788 0.13418452]
train mIOU:0.230
epoch 13 val_loss:0.156 
val overall_acc:0.943 
val per_class_acc: [0.97561955 0.05285606 0.01342645 0.01374501 0.54764473 0.32909986
 0.44549513 0.46346223 0.21993192 0.03133957 0.26338756 0.24253495]
vak per_class_iou: [0.95029193 0.04298723 0.01218612 0.01243333 0.4695453  0.18474331
 0.37784976 0.37427825 0.1800503  0.02650362 0.18314995 0.21026887]
val mIOU:0.252

epoch 14 train_loss:0.144 
train overall_acc:0.959 
train per_class_acc: [0.98993087 0.07060575 0.0118911  0.02263881 0.5667307  0.18745801
 0.40186593 0.4289239  0.19219682 0.03259169 0.40366662 0.21651408]
train per_class_iou: [0.963643   0.05362488 0.01076482 0.01935672 0.50734335 0.13114522
 0.33786604 0.34583485 0.14696476 0.02664654 0.2487872  0.16000943]
train mIOU:0.246
epoch 14 val_loss:0.146 
val overall_acc:0.947 
val per_class_acc: [0.97825754 0.09942596 0.01406044 0.01825462 0.4060819  0.17286886
 0.44748813 0.46199158 0.29723737 0.04301959 0.42931354 0.54907215]
vak per_class_iou: [0.9513251  0.07103839 0.01289727 0.01667269 0.3988847  0.13218388
 0.3744148  0.34561884 0.18267077 0.03631653 0.28200305 0.31790492]
val mIOU:0.260

epoch 15 train_loss:0.138 
train overall_acc:0.960 
train per_class_acc: [0.9897207  0.07948072 0.01349721 0.02561704 0.5365976  0.1909836
 0.42273554 0.4480035  0.20589605 0.04381219 0.47275674 0.21349002]
train per_class_iou: [0.96432066 0.05937241 0.01232    0.02167716 0.4853484  0.13547005
 0.35364607 0.36644125 0.15862632 0.03368639 0.29262567 0.17126274]
train mIOU:0.255
epoch 15 val_loss:0.146 
val overall_acc:0.946 
val per_class_acc: [0.97755283 0.07627145 0.01698864 0.02840505 0.45254084 0.21032612
 0.4572449  0.51603764 0.27203462 0.00511873 0.22754517 0.38731956]
vak per_class_iou: [0.9496911  0.0594436  0.01554612 0.02374425 0.43055117 0.16083458
 0.36138314 0.37653935 0.2013811  0.00493447 0.1959702  0.2829836 ]
val mIOU:0.255

epoch 16 train_loss:0.135 
train overall_acc:0.960 
train per_class_acc: [0.98977506 0.07811252 0.01470914 0.02385354 0.56898594 0.20878816
 0.41042864 0.4617297  0.2157687  0.04497002 0.44585672 0.25137427]
train per_class_iou: [0.9649747  0.05825593 0.01320125 0.02021828 0.5151728  0.15102594
 0.33951798 0.37055227 0.160385   0.03538907 0.2797648  0.17144614]
train mIOU:0.257
epoch 16 val_loss:0.147 
val overall_acc:0.946 
val per_class_acc: [0.97902614 0.06116037 0.01014555 0.00994319 0.52090466 0.13685234
 0.363931   0.46464923 0.2001392  0.02661541 0.33261728 0.4604538 ]
vak per_class_iou: [0.9502038  0.04889565 0.00945907 0.0092609  0.4620474  0.1156102
 0.3478836  0.36736232 0.16539715 0.0239169  0.21057674 0.28139636]
val mIOU:0.249

epoch 17 train_loss:0.128 
train overall_acc:0.963 
train per_class_acc: [0.990416   0.08188289 0.01730103 0.0325901  0.55168664 0.23349172
 0.43539023 0.46124572 0.24582133 0.04567997 0.50472176 0.25313827]
train per_class_iou: [0.96747    0.06175402 0.0153344  0.0267401  0.50216436 0.1683833
 0.36690825 0.37214416 0.18805471 0.03659796 0.31491703 0.17978176]
train mIOU:0.267
epoch 17 val_loss:0.142 
val overall_acc:0.948 
val per_class_acc: [0.9792551  0.05240929 0.03873128 0.02745772 0.5226114  0.12807208
 0.47871155 0.526311   0.26902765 0.01983857 0.39165515 0.42067382]
vak per_class_iou: [0.9516128  0.04494216 0.03220147 0.0237269  0.48087838 0.11756182
 0.4121872  0.3771536  0.18851592 0.01869051 0.2978481  0.30873805]
val mIOU:0.271

epoch 18 train_loss:0.131 
train overall_acc:0.962 
train per_class_acc: [0.98986447 0.09049076 0.02007356 0.03393449 0.5651319  0.22396363
 0.46494898 0.45641977 0.22044052 0.04848666 0.49747336 0.2590754 ]
train per_class_iou: [0.96648395 0.06764314 0.01792    0.02775058 0.51090115 0.16160026
 0.39057115 0.36767414 0.16289201 0.03805439 0.3156587  0.19164175]
train mIOU:0.268
epoch 18 val_loss:0.132 
val overall_acc:0.950 
val per_class_acc: [0.97836185 0.08672063 0.00739158 0.03852367 0.5268286  0.3308181
 0.46500638 0.430554   0.23334025 0.11471936 0.49083444 0.00336656]
vak per_class_iou: [0.9552848  0.06778207 0.0070732  0.03212782 0.50338244 0.20460442
 0.39688218 0.36574757 0.19798893 0.07584257 0.29812303 0.00336639]
val mIOU:0.259

epoch 19 train_loss:0.127 
train overall_acc:0.962 
train per_class_acc: [0.98995614 0.09572937 0.01758364 0.03858367 0.56716144 0.25773713
 0.43759108 0.43604636 0.24858144 0.07176374 0.5348173  0.29589805]
train per_class_iou: [0.9667906  0.07014621 0.01579965 0.03129356 0.5162706  0.18832451
 0.36321187 0.34970936 0.1869574  0.05301411 0.35010183 0.21598884]
train mIOU:0.276
epoch 19 val_loss:0.136 
val overall_acc:0.949 
val per_class_acc: [0.9802824  0.05666788 0.01216839 0.03499277 0.48429498 0.19083704
 0.39759496 0.45944077 0.20079683 0.06793891 0.4469927  0.11138044]
vak per_class_iou: [0.95134366 0.04703567 0.0113684  0.03016475 0.46760237 0.15758678
 0.35732296 0.3766062  0.14521691 0.0544103  0.30250126 0.10064854]
val mIOU:0.250

epoch 20 train_loss:0.119 
train overall_acc:0.965 
train per_class_acc: [0.9903952  0.10163715 0.02096185 0.04560505 0.5635877  0.2697501
 0.4808268  0.4636974  0.2569761  0.07045521 0.54782844 0.33071822]
train per_class_iou: [0.9692531  0.07451621 0.01841977 0.03602183 0.5119925  0.20582251
 0.41150475 0.37802002 0.18953435 0.05219029 0.3549928  0.25253296]
train mIOU:0.288
epoch 20 val_loss:0.123 
val overall_acc:0.952 
val per_class_acc: [0.9775798  0.04557704 0.00992536 0.00874649 0.58384883 0.33334723
 0.47170404 0.47723043 0.14205195 0.01796013 0.5262941  0.01115313]
vak per_class_iou: [0.9551286  0.04027771 0.00940518 0.00826881 0.5386295  0.24669276
 0.39701828 0.40619582 0.13628393 0.01675592 0.33932117 0.01081476]
val mIOU:0.259

epoch 21 train_loss:0.111 
train overall_acc:0.967 
train per_class_acc: [0.9909681  0.1171812  0.02351433 0.05487447 0.59799516 0.31959397
 0.48289594 0.48521578 0.26198885 0.08763236 0.571405   0.39836732]
train per_class_iou: [0.9715453  0.08652285 0.02073343 0.04263614 0.5463252  0.23644227
 0.416847   0.3929403  0.19562326 0.06401965 0.39216575 0.29433012]
train mIOU:0.305
epoch 21 val_loss:0.121 
val overall_acc:0.952 
val per_class_acc: [0.9773358  0.12869638 0.01044199 0.13598399 0.5744059  0.39485362
 0.51611334 0.49959072 0.20041871 0.10282626 0.5380099  0.5327601 ]
vak per_class_iou: [0.95794785 0.09687373 0.00983254 0.08358518 0.5155614  0.26676884
 0.45754308 0.40868956 0.16786996 0.07795401 0.40487045 0.35729983]
val mIOU:0.317

epoch 22 train_loss:0.115 
train overall_acc:0.966 
train per_class_acc: [0.99052906 0.11636422 0.0244867  0.05631357 0.5849191  0.2851781
 0.49310142 0.4749183  0.2813299  0.09319418 0.5416341  0.3995876 ]
train per_class_iou: [0.97036177 0.08677445 0.02163642 0.04354778 0.5309653  0.21067195
 0.4310487  0.3794102  0.20966744 0.06805032 0.35746917 0.29468957]
train mIOU:0.300
epoch 22 val_loss:0.123 
val overall_acc:0.952 
val per_class_acc: [0.9803551  0.06920144 0.00540707 0.03537486 0.5847531  0.28948087
 0.48513085 0.39877814 0.21255673 0.08265841 0.5009088  0.00668107]
vak per_class_iou: [0.95576227 0.05975794 0.00515419 0.03049807 0.5526921  0.20921157
 0.43027082 0.3692654  0.19171064 0.06367262 0.32119277 0.00668092]
val mIOU:0.266

epoch 23 train_loss:0.108 
train overall_acc:0.967 
train per_class_acc: [0.9909949  0.13561934 0.02424538 0.06566273 0.61246574 0.3132875
 0.49841067 0.5061711  0.28732634 0.1110339  0.58215594 0.39497992]
train per_class_iou: [0.97220474 0.09847455 0.02136971 0.05002743 0.56121016 0.23577748
 0.43287465 0.40576214 0.21319206 0.07831859 0.3882713  0.30217755]
train mIOU:0.313
epoch 23 val_loss:0.129 
val overall_acc:0.950 
val per_class_acc: [0.9804486  0.0738401  0.01225804 0.01552146 0.5334939  0.22492413
 0.462928   0.2846408  0.19829379 0.08010765 0.64426684 0.11244979]
vak per_class_iou: [0.95412225 0.062771   0.01162694 0.01477315 0.4919709  0.16675512
 0.4188666  0.27075037 0.17605206 0.06388375 0.36354646 0.10094077]
val mIOU:0.258

epoch 24 train_loss:0.108 
train overall_acc:0.967 
train per_class_acc: [0.9909858  0.12424643 0.0307446  0.05925415 0.6075172  0.31056643
 0.47969043 0.4803357  0.27368668 0.12004419 0.60366976 0.4269969 ]
train per_class_iou: [0.9720573  0.09133234 0.02574467 0.04608425 0.55450016 0.23254298
 0.41288656 0.3850303  0.20769522 0.08244724 0.40179682 0.30334735]
train mIOU:0.310
epoch 24 val_loss:0.137 
val overall_acc:0.949 
val per_class_acc: [0.98137724 0.0889756  0.01914167 0.0892911  0.5476168  0.30576676
 0.3982521  0.4944844  0.30825615 0.18848306 0.50678647 0.24081945]
vak per_class_iou: [0.95261866 0.07614485 0.0178214  0.06493726 0.5075728  0.24418025
 0.36170474 0.40596417 0.22895981 0.11336914 0.3665183  0.2208581 ]
val mIOU:0.297

epoch 25 train_loss:0.101 
train overall_acc:0.969 
train per_class_acc: [0.99133074 0.1474987  0.03462981 0.07090855 0.63995236 0.35403582
 0.48960236 0.48634717 0.27983055 0.13044038 0.6048067  0.4535995 ]
train per_class_iou: [0.97376835 0.11051957 0.02993948 0.05437534 0.58932626 0.27174476
 0.41992307 0.38977098 0.20904005 0.08841209 0.42152777 0.3413227 ]
train mIOU:0.325
epoch 25 val_loss:0.138 
val overall_acc:0.947 
val per_class_acc: [0.9769495  0.12196723 0.03478442 0.08308394 0.6321019  0.3727374
 0.30507916 0.5115454  0.21688782 0.16528901 0.71059835 0.16317654]
vak per_class_iou: [0.95240676 0.09242501 0.0298254  0.06278493 0.5335657  0.28030264
 0.29830188 0.4128243  0.17540725 0.10321849 0.39961237 0.15538378]
val mIOU:0.291

epoch 26 train_loss:0.100 
train overall_acc:0.969 
train per_class_acc: [0.99120647 0.14980935 0.03674345 0.07287633 0.63669133 0.34895158
 0.5134486  0.5013252  0.2836146  0.12838197 0.6143271  0.47315717]
train per_class_iou: [0.9739935  0.11025727 0.03135621 0.05685743 0.5870929  0.26590174
 0.44811636 0.39808685 0.21213873 0.08840173 0.43291774 0.35151723]
train mIOU:0.330
epoch 26 val_loss:0.114 
val overall_acc:0.955 
val per_class_acc: [0.9801305  0.14481781 0.02708801 0.04680811 0.55550945 0.3868414
 0.47514442 0.5479155  0.29103988 0.09726215 0.5793804  0.39334142]
vak per_class_iou: [0.95966256 0.11185648 0.02429748 0.04014404 0.53269976 0.26057875
 0.4318697  0.41706434 0.21877734 0.07313082 0.37690446 0.31987947]
val mIOU:0.314

epoch 27 train_loss:0.105 
train overall_acc:0.968 
train per_class_acc: [0.9910156  0.14298789 0.03996238 0.07083193 0.6058364  0.35344344
 0.4976358  0.4927891  0.29742378 0.11750811 0.59969085 0.4299751 ]
train per_class_iou: [0.9726431  0.10666665 0.03354539 0.05534285 0.55255735 0.26848185
 0.42807424 0.3938545  0.22431692 0.08217317 0.408229   0.31871647]
train mIOU:0.320
epoch 27 val_loss:0.128 
val overall_acc:0.953 
val per_class_acc: [0.9816466  0.13887405 0.0274896  0.08780606 0.4983773  0.26887327
 0.48184127 0.49406844 0.34364402 0.17155533 0.6020715  0.52491444]
vak per_class_iou: [0.95676744 0.10495046 0.02469885 0.06753929 0.4842877  0.21938618
 0.44670472 0.40509167 0.25023058 0.11101241 0.4213824  0.38220412]
val mIOU:0.323

epoch 28 train_loss:0.099 
train overall_acc:0.969 
train per_class_acc: [0.99110454 0.15259266 0.04099662 0.083961   0.637956   0.38374406
 0.5067578  0.50627905 0.29178363 0.14061464 0.6163558  0.48730087]
train per_class_iou: [0.97431123 0.11248855 0.03480348 0.06462727 0.588169   0.28996438
 0.43957618 0.4037693  0.22039525 0.09800685 0.43911135 0.36408705]
train mIOU:0.336
epoch 28 val_loss:0.115 
val overall_acc:0.954 
val per_class_acc: [0.9786028  0.10049203 0.03436666 0.06400558 0.6048176  0.33723116
 0.4723569  0.47197935 0.2465897  0.09839788 0.5891972  0.53018177]
vak per_class_iou: [0.95785683 0.08464245 0.0307804  0.0540544  0.51452535 0.29171368
 0.4337845  0.38077492 0.2154559  0.07584227 0.44482917 0.38886207]
val mIOU:0.323

epoch 29 train_loss:0.095 
train overall_acc:0.970 
train per_class_acc: [0.99157965 0.15182282 0.04578737 0.08594228 0.6342502  0.37529406
 0.5017897  0.5000376  0.29536504 0.13883778 0.624638   0.48912877]
train per_class_iou: [0.97558254 0.11384762 0.03783055 0.0664438  0.58110356 0.28875288
 0.4333158  0.39840332 0.22187665 0.09240281 0.4413677  0.363677  ]
train mIOU:0.335
epoch 29 val_loss:0.105 
val overall_acc:0.956 
val per_class_acc: [0.9786541  0.17165089 0.07305372 0.09499089 0.5896875  0.459518
 0.5546189  0.53705907 0.3133149  0.09909355 0.578028   0.6523084 ]
vak per_class_iou: [0.96221983 0.1309384  0.0561263  0.0735769  0.53689396 0.340453
 0.4825891  0.4181406  0.24058363 0.07694674 0.4020699  0.34951547]
val mIOU:0.339

epoch 30 train_loss:0.095 
train overall_acc:0.971 
train per_class_acc: [0.99159724 0.16149963 0.05309656 0.08935004 0.64901257 0.40288815
 0.50064033 0.501203   0.29733974 0.14579375 0.6326652  0.45892894]
train per_class_iou: [0.97560024 0.12120095 0.0443404  0.06844448 0.6030653  0.3081738
 0.43964693 0.40050256 0.2207503  0.09640998 0.44699162 0.33919397]
train mIOU:0.339
epoch 30 val_loss:0.113 
val overall_acc:0.954 
val per_class_acc: [0.97571313 0.11425667 0.03429489 0.12124799 0.5715092  0.37414855
 0.58040166 0.47233823 0.29294938 0.20873187 0.59290653 0.47768322]
vak per_class_iou: [0.9593547  0.09466043 0.03028817 0.08397826 0.50535214 0.31493843
 0.42681053 0.39814302 0.23817208 0.11704768 0.40939203 0.39284045]
val mIOU:0.331

