epoch 1 train_loss:1.255 
train overall_acc:0.871 
train per_class_acc: [0.93669933 0.12177399 0.00730279 0.03579723 0.05914686 0.07981394
 0.06724458 0.21861146 0.008206   0.00740221 0.06398377 0.11492869]
train per_class_iou: [8.8370687e-01 3.7415333e-02 3.6584665e-03 8.1882849e-03 2.4437927e-02
 3.5352334e-02 2.8031567e-02 1.1055025e-01 4.3990747e-03 6.9584226e-04
 3.3011753e-02 2.4875592e-02]
train mIOU:0.100
epoch 1 val_loss:0.419 
val overall_acc:0.914 
val per_class_acc: [9.8161769e-01 0.0000000e+00 0.0000000e+00 0.0000000e+00 5.6589954e-05
 0.0000000e+00 1.0448070e-01 0.0000000e+00 5.7411876e-06 0.0000000e+00
 0.0000000e+00 0.0000000e+00]
vak per_class_iou: [9.1698796e-01 0.0000000e+00 0.0000000e+00 0.0000000e+00 5.6429148e-05
 0.0000000e+00 3.7798807e-02 0.0000000e+00 5.7372349e-06 0.0000000e+00
 0.0000000e+00 0.0000000e+00]
val mIOU:0.080

epoch 2 train_loss:0.373 
train overall_acc:0.921 
train per_class_acc: [9.95005310e-01 0.00000000e+00 0.00000000e+00 2.16720637e-05
 1.36696780e-02 1.01961875e-02 2.24334728e-02 1.19875483e-01
 0.00000000e+00 0.00000000e+00 6.70561939e-03 1.80310126e-05]
train per_class_iou: [9.2302173e-01 0.0000000e+00 0.0000000e+00 2.0389802e-05 7.3236153e-03
 6.7653223e-03 9.6376901e-03 9.2757761e-02 0.0000000e+00 0.0000000e+00
 3.7056801e-03 1.8031013e-05]
train mIOU:0.087
epoch 2 val_loss:0.332 
val overall_acc:0.914 
val per_class_acc: [0.9833218  0.         0.         0.         0.         0.
 0.         0.14448114 0.         0.         0.         0.        ]
vak per_class_iou: [0.9144001  0.         0.         0.         0.         0.
 0.         0.13196026 0.         0.         0.         0.        ]
val mIOU:0.087

epoch 3 train_loss:0.321 
train overall_acc:0.923 
train per_class_acc: [9.9396539e-01 1.3407519e-04 0.0000000e+00 2.9920246e-05 2.1188792e-02
 4.5634124e-02 8.5231096e-02 2.9636690e-01 0.0000000e+00 0.0000000e+00
 4.3151665e-02 4.6186542e-05]
train per_class_iou: [9.2676502e-01 1.2673305e-04 0.0000000e+00 2.9736961e-05 1.6037317e-02
 2.6129052e-02 5.8095302e-02 2.3364817e-01 0.0000000e+00 0.0000000e+00
 2.6678441e-02 3.9759656e-05]
train mIOU:0.107
epoch 3 val_loss:0.282 
val overall_acc:0.916 
val per_class_acc: [0.98101836 0.         0.         0.         0.07431518 0.00183584
 0.14314884 0.11753155 0.         0.         0.01337296 0.        ]
vak per_class_iou: [0.9222927  0.         0.         0.         0.05078005 0.0017765
 0.08277167 0.11321185 0.         0.         0.01089803 0.        ]
val mIOU:0.098

epoch 4 train_loss:0.308 
train overall_acc:0.923 
train per_class_acc: [9.9306190e-01 2.2939767e-04 0.0000000e+00 1.2217903e-04 3.6097609e-02
 2.2410657e-02 9.9304654e-02 2.8425565e-01 0.0000000e+00 0.0000000e+00
 9.7149126e-02 1.0415730e-02]
train per_class_iou: [9.2716861e-01 2.1992579e-04 0.0000000e+00 1.1888103e-04 2.4280578e-02
 1.5770501e-02 6.9456175e-02 2.2202986e-01 0.0000000e+00 0.0000000e+00
 5.3022861e-02 7.1563902e-03]
train mIOU:0.110
epoch 4 val_loss:0.280 
val overall_acc:0.917 
val per_class_acc: [9.8278576e-01 6.1846345e-05 0.0000000e+00 4.3060711e-05 2.2047332e-02
 5.8338610e-03 6.4000733e-02 3.9883736e-01 0.0000000e+00 0.0000000e+00
 5.0594535e-02 3.3194915e-04]
vak per_class_iou: [9.1911161e-01 6.1606661e-05 0.0000000e+00 4.3024291e-05 2.0501647e-02
 5.1937820e-03 5.2587818e-02 2.9605147e-01 0.0000000e+00 0.0000000e+00
 3.9651923e-02 3.2862092e-04]
val mIOU:0.111

epoch 5 train_loss:0.284 
train overall_acc:0.925 
train per_class_acc: [9.9172753e-01 3.1186247e-03 0.0000000e+00 8.5653432e-05 5.0532535e-02
 4.7232740e-02 1.6102070e-01 3.7298554e-01 0.0000000e+00 0.0000000e+00
 9.9691413e-02 2.8308291e-02]
train per_class_iou: [9.2971301e-01 2.8351566e-03 0.0000000e+00 8.5330343e-05 3.9717991e-02
 3.3461612e-02 1.1948114e-01 2.9052824e-01 0.0000000e+00 0.0000000e+00
 6.8207987e-02 2.1339146e-02]
train mIOU:0.125
epoch 5 val_loss:0.256 
val overall_acc:0.921 
val per_class_acc: [9.8051274e-01 4.0494571e-03 0.0000000e+00 0.0000000e+00 3.8290661e-02
 1.9043716e-04 2.1454795e-01 4.3808645e-01 0.0000000e+00 0.0000000e+00
 1.7762674e-02 3.1721223e-02]
vak per_class_iou: [9.2319512e-01 3.9453479e-03 0.0000000e+00 0.0000000e+00 3.6062911e-02
 1.8748666e-04 1.7357144e-01 3.1636700e-01 0.0000000e+00 0.0000000e+00
 1.5932942e-02 2.7200902e-02]
val mIOU:0.125

epoch 6 train_loss:0.277 
train overall_acc:0.926 
train per_class_acc: [9.9117309e-01 1.6534768e-02 0.0000000e+00 6.7143650e-05 6.3079461e-02
 3.8028505e-02 1.8176673e-01 3.3395419e-01 0.0000000e+00 0.0000000e+00
 9.8767161e-02 7.2604850e-02]
train per_class_iou: [9.3094319e-01 1.4006631e-02 0.0000000e+00 6.7063338e-05 4.8213232e-02
 2.8205784e-02 1.3137533e-01 2.6276118e-01 0.0000000e+00 0.0000000e+00
 6.2143181e-02 5.3415906e-02]
train mIOU:0.128
epoch 6 val_loss:0.244 
val overall_acc:0.923 
val per_class_acc: [9.8183346e-01 6.0196049e-03 0.0000000e+00 2.0127318e-05 6.1059687e-02
 2.4389950e-04 1.7493884e-01 3.1433842e-01 0.0000000e+00 0.0000000e+00
 1.2607653e-01 1.6106226e-01]
vak per_class_iou: [9.2644662e-01 5.6475345e-03 0.0000000e+00 2.0127318e-05 5.3254772e-02
 2.4161284e-04 1.5728404e-01 2.5937909e-01 0.0000000e+00 0.0000000e+00
 8.2486637e-02 1.0875139e-01]
val mIOU:0.133

epoch 7 train_loss:0.262 
train overall_acc:0.929 
train per_class_acc: [9.9057817e-01 2.9932544e-02 7.1679915e-06 3.4563294e-05 7.8220397e-02
 3.8102675e-02 2.4180074e-01 3.6570409e-01 1.8217388e-03 0.0000000e+00
 1.6489226e-01 1.4103286e-01]
train per_class_iou: [9.3323743e-01 2.3612447e-02 7.1646737e-06 3.4471275e-05 5.7813808e-02
 2.8059289e-02 1.8229765e-01 2.9705927e-01 1.7683242e-03 0.0000000e+00
 1.0242297e-01 9.7990051e-02]
train mIOU:0.144
epoch 7 val_loss:0.287 
val overall_acc:0.911 
val per_class_acc: [0.958867   0.09971941 0.00243593 0.         0.22509085 0.03464031
 0.33816022 0.435783   0.01770362 0.         0.14034179 0.07606106]
vak per_class_iou: [0.92271966 0.06514709 0.00234418 0.         0.12635015 0.02661519
 0.18751773 0.31179267 0.01726723 0.         0.0910066  0.05967978]
val mIOU:0.151

epoch 8 train_loss:0.248 
train overall_acc:0.931 
train per_class_acc: [9.8954910e-01 4.2834099e-02 1.8094097e-03 8.5849751e-06 1.1528641e-01
 4.0973797e-02 2.8079742e-01 3.9115217e-01 8.1980424e-03 0.0000000e+00
 1.5892051e-01 1.9778863e-01]
train per_class_iou: [9.3611217e-01 3.2805294e-02 1.6879110e-03 8.5849751e-06 9.2933580e-02
 2.7296014e-02 2.2032513e-01 3.1561473e-01 8.0608157e-03 0.0000000e+00
 1.0420702e-01 1.3202488e-01]
train mIOU:0.156
epoch 8 val_loss:0.256 
val overall_acc:0.916 
val per_class_acc: [9.8322850e-01 1.0148332e-02 2.4286637e-04 0.0000000e+00 1.7241550e-03
 2.2786761e-04 2.1832991e-02 3.9104399e-01 2.2586742e-03 0.0000000e+00
 9.4658183e-03 1.8810196e-02]
vak per_class_iou: [9.1637164e-01 9.4267335e-03 2.4260570e-04 0.0000000e+00 1.6958356e-03
 2.2098761e-04 1.9866232e-02 3.0755383e-01 2.2574554e-03 0.0000000e+00
 8.7597826e-03 1.7222662e-02]
val mIOU:0.107

epoch 9 train_loss:0.239 
train overall_acc:0.932 
train per_class_acc: [9.8940361e-01 4.8064921e-02 3.7312550e-03 8.2491795e-05 1.4450406e-01
 2.9965403e-02 2.8620863e-01 4.0493160e-01 2.4040198e-02 0.0000000e+00
 1.7598587e-01 1.5886368e-01]
train per_class_iou: [9.37446356e-01 3.53531837e-02 3.44220013e-03 8.01690039e-05
 1.12363994e-01 2.35908162e-02 2.16001496e-01 3.25126648e-01
 2.17658840e-02 0.00000000e+00 1.14364661e-01 1.07730068e-01]
train mIOU:0.158
epoch 9 val_loss:0.222 
val overall_acc:0.927 
val per_class_acc: [9.8166305e-01 3.3302471e-02 6.4378697e-03 1.6138398e-04 6.7985848e-02
 9.2983022e-02 2.5421208e-01 4.2815122e-01 5.5423815e-02 0.0000000e+00
 1.2508363e-01 5.0387514e-01]
vak per_class_iou: [9.3166852e-01 2.8394338e-02 5.9619537e-03 1.6119928e-04 6.4908534e-02
 6.5883175e-02 2.1923240e-01 3.6797911e-01 5.3802602e-02 0.0000000e+00
 9.5518045e-02 2.0473047e-01]
val mIOU:0.170

epoch 10 train_loss:0.234 
train overall_acc:0.934 
train per_class_acc: [9.8915941e-01 5.5031110e-02 5.5236006e-03 5.1437411e-04 1.8189892e-01
 6.1540935e-02 2.9857451e-01 4.0503502e-01 6.1841194e-02 0.0000000e+00
 1.7475808e-01 2.2476953e-01]
train per_class_iou: [9.39796627e-01 4.02653664e-02 5.00132050e-03 5.05033357e-04
 1.42706469e-01 4.53241169e-02 2.30658144e-01 3.31180602e-01
 5.43924347e-02 0.00000000e+00 1.17991984e-01 1.46657974e-01]
train mIOU:0.171
epoch 10 val_loss:0.240 
val overall_acc:0.925 
val per_class_acc: [9.7999650e-01 8.5248034e-03 3.8567367e-05 0.0000000e+00 1.8484518e-01
 2.0058645e-02 2.3365380e-01 3.0014378e-01 1.0201882e-03 0.0000000e+00
 8.3540559e-02 1.4181375e-03]
vak per_class_iou: [9.2901045e-01 8.1752706e-03 3.8550370e-05 0.0000000e+00 1.3937835e-01
 1.8976448e-02 1.8284795e-01 2.7069941e-01 1.0186239e-03 0.0000000e+00
 6.8836212e-02 1.3756057e-03]
val mIOU:0.135

epoch 11 train_loss:0.225 
train overall_acc:0.936 
train per_class_acc: [9.8924011e-01 5.8416516e-02 6.4667109e-03 2.6769401e-03 2.1637107e-01
 7.6898456e-02 2.9467246e-01 4.1522607e-01 8.0187172e-02 5.1973264e-05
 2.0496325e-01 2.3877239e-01]
train per_class_iou: [9.4142014e-01 4.2770356e-02 5.8905850e-03 2.5407905e-03 1.7348126e-01
 5.9657037e-02 2.2451209e-01 3.3737236e-01 6.6488199e-02 5.1615174e-05
 1.3821664e-01 1.6115931e-01]
train mIOU:0.179
epoch 11 val_loss:0.199 
val overall_acc:0.932 
val per_class_acc: [0.9803382  0.05361214 0.00327376 0.00306259 0.22348325 0.1847288
 0.30611095 0.43166098 0.09998057 0.         0.2743275  0.25856847]
vak per_class_iou: [0.93847597 0.0428589  0.00317627 0.00291961 0.2063217  0.11588152
 0.251372   0.3667083  0.09449826 0.         0.17267019 0.18864168]
val mIOU:0.199

epoch 12 train_loss:0.207 
train overall_acc:0.940 
train per_class_acc: [9.88701522e-01 6.88949004e-02 7.45149376e-03 4.01900988e-03
 2.65508324e-01 8.73376429e-02 3.57308894e-01 4.28041190e-01
 1.05982244e-01 6.49770198e-04 2.18060106e-01 2.55519271e-01]
train per_class_iou: [9.4629484e-01 4.9158942e-02 6.8403180e-03 3.7499850e-03 2.1849726e-01
 6.2556908e-02 2.8055143e-01 3.4951830e-01 8.3653741e-02 6.2911224e-04
 1.4240316e-01 1.7050441e-01]
train mIOU:0.193
epoch 12 val_loss:0.209 
val overall_acc:0.929 
val per_class_acc: [9.7736454e-01 3.7026065e-03 5.1898957e-04 4.4620734e-05 1.8985230e-01
 1.3228041e-01 4.2558494e-01 3.2128134e-01 3.5169953e-04 0.0000000e+00
 2.1545318e-01 1.2939520e-01]
vak per_class_iou: [9.3384814e-01 3.6155174e-03 5.1287864e-04 4.4522763e-05 1.7203912e-01
 1.0246372e-01 2.6593861e-01 3.0135068e-01 3.5154674e-04 0.0000000e+00
 1.6646096e-01 1.1064627e-01]
val mIOU:0.171

epoch 13 train_loss:0.208 
train overall_acc:0.940 
train per_class_acc: [0.98922074 0.06166491 0.00907226 0.0055784  0.2880357  0.08998409
 0.3309414  0.42917064 0.11178798 0.00121248 0.24861306 0.24824096]
train per_class_iou: [0.94588727 0.04537787 0.00814877 0.00507793 0.23514639 0.06671847
 0.26046827 0.3504271  0.09339334 0.00110894 0.15933159 0.15951943]
train mIOU:0.194
epoch 13 val_loss:0.210 
val overall_acc:0.930 
val per_class_acc: [0.9682371  0.12268413 0.03504205 0.00659778 0.38456628 0.01396312
 0.40300766 0.5297015  0.06298783 0.00999283 0.22966424 0.38765967]
vak per_class_iou: [0.9390122  0.08188988 0.02812261 0.00618492 0.2555722  0.01340507
 0.28098553 0.35212442 0.05258786 0.00892122 0.14652565 0.19979236]
val mIOU:0.197

epoch 14 train_loss:0.198 
train overall_acc:0.943 
train per_class_acc: [0.9889545  0.07461262 0.01032784 0.00626231 0.3121649  0.12402268
 0.3620297  0.43448737 0.15014564 0.00577516 0.29546118 0.2452129 ]
train per_class_iou: [0.9489036  0.05325244 0.00926071 0.00572627 0.25580752 0.08981969
 0.27991068 0.3521622  0.11923689 0.00524785 0.18453667 0.17262791]
train mIOU:0.206
epoch 14 val_loss:0.177 
val overall_acc:0.938 
val per_class_acc: [0.97253597 0.10412287 0.00885355 0.01788967 0.4388186  0.1012665
 0.38930604 0.4962134  0.14866279 0.0200342  0.49628833 0.2816109 ]
vak per_class_iou: [0.94601077 0.07233999 0.00828884 0.01540995 0.34148028 0.08060867
 0.30364782 0.3929433  0.11757786 0.01782899 0.2405289  0.18157966]
val mIOU:0.227

epoch 15 train_loss:0.194 
train overall_acc:0.945 
train per_class_acc: [0.9892595  0.07800344 0.01178251 0.00797674 0.34463945 0.12771933
 0.36716083 0.43666646 0.14613408 0.01253954 0.33917117 0.2662784 ]
train per_class_iou: [0.9506507  0.05588322 0.01042791 0.00726321 0.29291207 0.09053066
 0.2875499  0.35246772 0.11315414 0.01075757 0.20656909 0.18529865]
train mIOU:0.214
epoch 15 val_loss:0.206 
val overall_acc:0.932 
val per_class_acc: [9.7820759e-01 2.5446372e-02 9.8800415e-04 7.3879957e-04 2.4865963e-01
 5.2861787e-02 4.1260350e-01 2.4155812e-01 1.0786861e-02 1.4285126e-03
 1.2066402e-01 1.0656093e-01]
vak per_class_iou: [9.3685794e-01 2.2744961e-02 9.5723663e-04 7.2358159e-04 2.2749963e-01
 4.8806630e-02 2.4291211e-01 2.2575609e-01 1.0496081e-02 1.3866841e-03
 1.0928078e-01 1.0170256e-01]
val mIOU:0.161

epoch 16 train_loss:0.188 
train overall_acc:0.947 
train per_class_acc: [0.98933095 0.08256306 0.01138711 0.01301472 0.35677412 0.16645262
 0.38575932 0.44273856 0.17203061 0.02064957 0.35884795 0.22492932]
train per_class_iou: [0.95265    0.06052218 0.01023169 0.01128418 0.3064414  0.11573301
 0.30377623 0.36234495 0.13320532 0.01770661 0.21321042 0.16548878]
train mIOU:0.221
epoch 16 val_loss:0.185 
val overall_acc:0.933 
val per_class_acc: [0.98231435 0.07260524 0.01269845 0.00820046 0.2256762  0.14126232
 0.29070702 0.5011229  0.21618287 0.06987293 0.27402002 0.12401398]
vak per_class_iou: [0.93702763 0.05420675 0.011336   0.00752442 0.22097018 0.11947379
 0.2581294  0.3880121  0.15173347 0.05483941 0.21995988 0.11056812]
val mIOU:0.211

epoch 17 train_loss:0.181 
train overall_acc:0.948 
train per_class_acc: [0.9894733  0.08434368 0.0147992  0.01153095 0.34721538 0.2021611
 0.39540294 0.45685092 0.17248048 0.03831746 0.3598872  0.31517547]
train per_class_iou: [0.95404637 0.06193757 0.01305245 0.01026061 0.29813984 0.1390871
 0.30926433 0.37149268 0.13346584 0.03000374 0.23185569 0.23052853]
train mIOU:0.232
epoch 17 val_loss:0.180 
val overall_acc:0.938 
val per_class_acc: [0.9826068  0.05927699 0.02657468 0.00901789 0.26164067 0.06463878
 0.26787996 0.47601062 0.17890759 0.01748271 0.23419066 0.20741394]
vak per_class_iou: [0.9402859  0.04907604 0.02283369 0.00846323 0.25425664 0.05808752
 0.25700146 0.36160797 0.151393   0.01610127 0.18927646 0.17599244]
val mIOU:0.207

epoch 18 train_loss:0.181 
train overall_acc:0.948 
train per_class_acc: [0.9893753  0.08748109 0.01681695 0.01276744 0.3851223  0.18284453
 0.40002066 0.45485455 0.18743835 0.03798572 0.38419145 0.32609367]
train per_class_iou: [0.9542234  0.06470188 0.01469857 0.01130735 0.33363637 0.12679039
 0.31539023 0.36925083 0.14866085 0.03010444 0.22887647 0.22285584]
train mIOU:0.235
epoch 18 val_loss:0.153 
val overall_acc:0.945 
val per_class_acc: [0.9796192  0.10312    0.0241729  0.0153044  0.42289916 0.2703985
 0.38322833 0.5096002  0.2660742  0.05098226 0.36179057 0.4349799 ]
vak per_class_iou: [0.9519167  0.07748725 0.02114233 0.01380244 0.38135794 0.19289736
 0.31990576 0.39702764 0.18549865 0.03752233 0.24263784 0.25138763]
val mIOU:0.256

epoch 19 train_loss:0.170 
train overall_acc:0.952 
train per_class_acc: [0.98993284 0.08731507 0.02219569 0.01679179 0.4078385  0.2189113
 0.41476005 0.4633262  0.20460032 0.05361223 0.39268753 0.3283958 ]
train per_class_iou: [0.9576243  0.06518119 0.01899664 0.01432945 0.35477328 0.15220009
 0.3374813  0.37758076 0.15640022 0.03961071 0.24756958 0.23419204]
train mIOU:0.246
epoch 19 val_loss:0.159 
val overall_acc:0.943 
val per_class_acc: [0.9772723  0.04824878 0.01261007 0.00566344 0.47491398 0.14680642
 0.5081666  0.4063396  0.16657266 0.03875855 0.3081417  0.3029434 ]
vak per_class_iou: [0.94766015 0.04173697 0.0116206  0.0055309  0.4231487  0.11438366
 0.32472974 0.3686272  0.14238161 0.03423087 0.23454021 0.23049238]
val mIOU:0.240

epoch 20 train_loss:0.167 
train overall_acc:0.952 
train per_class_acc: [0.98983526 0.09642236 0.02102522 0.01777494 0.40461078 0.20388152
 0.42584354 0.4736502  0.21244313 0.05851625 0.40666074 0.35436815]
train per_class_iou: [0.95799804 0.07160892 0.0185468  0.01548194 0.3574844  0.14483249
 0.33900207 0.38669416 0.16513164 0.04411935 0.2532553  0.24591273]
train mIOU:0.250
epoch 20 val_loss:0.146 
val overall_acc:0.947 
val per_class_acc: [0.9779339  0.16582344 0.02484176 0.04698266 0.44171774 0.42592514
 0.44484547 0.45683962 0.24359094 0.14309648 0.3545228  0.42267925]
vak per_class_iou: [0.95551544 0.10673515 0.02194284 0.0366746  0.3991643  0.24398047
 0.3444738  0.38461646 0.18114327 0.08612906 0.25405857 0.25807482]
val mIOU:0.273

epoch 21 train_loss:0.164 
train overall_acc:0.953 
train per_class_acc: [0.9899927  0.10280202 0.02515654 0.02017502 0.42298633 0.22994152
 0.4137939  0.4832683  0.21448636 0.08110099 0.45671242 0.3774223 ]
train per_class_iou: [0.95887876 0.07672386 0.02175084 0.01769349 0.3688743  0.1614973
 0.32901022 0.39205313 0.16447099 0.06002462 0.28810942 0.251438  ]
train mIOU:0.258
epoch 21 val_loss:0.166 
val overall_acc:0.941 
val per_class_acc: [0.9735376  0.11560951 0.0229593  0.01852771 0.46359265 0.23172264
 0.5082764  0.52323467 0.19627018 0.03612844 0.38042322 0.5351555 ]
vak per_class_iou: [0.9484688  0.08563245 0.02027189 0.01635915 0.36719486 0.17808284
 0.33440897 0.39996508 0.16834183 0.0309372  0.23722997 0.26088172]
val mIOU:0.254

epoch 22 train_loss:0.159 
train overall_acc:0.954 
train per_class_acc: [0.9901548  0.10239599 0.02527454 0.02226452 0.46174973 0.2200293
 0.44248056 0.4760545  0.23057583 0.07480876 0.46023253 0.40093982]
train per_class_iou: [0.9602633  0.07579119 0.02189276 0.01926514 0.4080747  0.15797573
 0.352547   0.38873208 0.16954772 0.05661436 0.28941125 0.27729693]
train mIOU:0.265
epoch 22 val_loss:0.145 
val overall_acc:0.947 
val per_class_acc: [0.98076    0.13042313 0.05293166 0.04741094 0.42908895 0.31903398
 0.37370473 0.5272462  0.2941956  0.13584474 0.4889136  0.17323181]
vak per_class_iou: [0.95361626 0.0951423  0.04268923 0.03790983 0.4012018  0.21834992
 0.34469554 0.40963    0.21108651 0.0869346  0.28902918 0.14537524]
val mIOU:0.270

epoch 23 train_loss:0.155 
train overall_acc:0.955 
train per_class_acc: [0.99041647 0.10257738 0.02696307 0.0266541  0.46561494 0.24515077
 0.46338275 0.48541602 0.23092286 0.08771811 0.4350007  0.39355752]
train per_class_iou: [0.96130764 0.076828   0.02335271 0.02289637 0.41105926 0.17112759
 0.37385133 0.3933224  0.1757422  0.06273887 0.28460097 0.25887388]
train mIOU:0.268
epoch 23 val_loss:0.144 
val overall_acc:0.948 
val per_class_acc: [0.9803098  0.15789583 0.02936488 0.02196815 0.43574423 0.25525814
 0.36707217 0.5366771  0.30893913 0.05785719 0.4936438  0.29546365]
vak per_class_iou: [0.95367587 0.10904416 0.02578882 0.01987215 0.4029187  0.18191512
 0.3218274  0.39789203 0.22451974 0.04851983 0.32480657 0.18500014]
val mIOU:0.266

epoch 24 train_loss:0.153 
train overall_acc:0.956 
train per_class_acc: [0.99022347 0.10856474 0.02943351 0.02956615 0.46772802 0.22924888
 0.46269712 0.49052078 0.24073128 0.08582309 0.4897033  0.38509777]
train per_class_iou: [0.96151173 0.08082019 0.02525426 0.02511887 0.41046813 0.16147955
 0.37476683 0.39709398 0.17939274 0.06367872 0.31345618 0.2714937 ]
train mIOU:0.272
epoch 24 val_loss:0.144 
val overall_acc:0.948 
val per_class_acc: [0.9783942  0.12657605 0.02527395 0.06602667 0.52660155 0.30469722
 0.40721306 0.5064737  0.25881687 0.12559552 0.46538904 0.3399411 ]
vak per_class_iou: [0.9542333  0.0931925  0.02251967 0.05086214 0.44549507 0.21994515
 0.36111596 0.41144484 0.2079054  0.08985289 0.34497488 0.23830001]
val mIOU:0.287

epoch 25 train_loss:0.150 
train overall_acc:0.957 
train per_class_acc: [0.99049807 0.10753583 0.0296014  0.03227027 0.4705753  0.25785318
 0.4784062  0.48266786 0.25153038 0.09514334 0.4706423  0.36762184]
train per_class_iou: [0.9628637  0.07999633 0.02554354 0.02684301 0.4163489  0.18229839
 0.39254993 0.3892872  0.18628442 0.06766375 0.2939552  0.2582378 ]
train mIOU:0.273
epoch 25 val_loss:0.161 
val overall_acc:0.942 
val per_class_acc: [0.9804216  0.10712361 0.041426   0.02566414 0.43527868 0.26538625
 0.2855663  0.4647914  0.17285702 0.07622326 0.39769283 0.2543992 ]
vak per_class_iou: [0.94661695 0.08348743 0.03479059 0.02294128 0.39086333 0.17909145
 0.24296053 0.3976694  0.14879623 0.0611527  0.28224593 0.20470265]
val mIOU:0.250

epoch 26 train_loss:0.150 
train overall_acc:0.957 
train per_class_acc: [0.99037886 0.12103397 0.03383318 0.03721908 0.46299377 0.24947812
 0.47825953 0.4858155  0.24483563 0.09694597 0.46948352 0.4123455 ]
train per_class_iou: [0.96268106 0.08944114 0.02890423 0.03093504 0.40978155 0.17485462
 0.3909612  0.39483956 0.17930503 0.06973816 0.31077766 0.28637812]
train mIOU:0.277
epoch 26 val_loss:0.138 
val overall_acc:0.949 
val per_class_acc: [0.9780524  0.17117243 0.03604853 0.06614631 0.5041825  0.40413254
 0.39743465 0.48035    0.24532527 0.1228226  0.6736832  0.07369415]
vak per_class_iou: [0.9572409  0.11894456 0.03136679 0.05234051 0.45680782 0.25447625
 0.3312496  0.4074092  0.20065424 0.0802233  0.33394355 0.06972934]
val mIOU:0.275

epoch 27 train_loss:0.147 
train overall_acc:0.957 
train per_class_acc: [0.99062425 0.11833747 0.03562156 0.03982038 0.46914852 0.26241666
 0.45217392 0.47776425 0.26214764 0.09859922 0.5088532  0.39272293]
train per_class_iou: [0.96332    0.08741836 0.03039843 0.03307872 0.4157263  0.18573728
 0.37343216 0.3876432  0.19334386 0.07192487 0.32284236 0.27185658]
train mIOU:0.278
epoch 27 val_loss:0.142 
val overall_acc:0.948 
val per_class_acc: [0.98104155 0.13552547 0.05464071 0.07367127 0.39197573 0.34087008
 0.39820257 0.5019452  0.28185776 0.12877859 0.45426634 0.4159095 ]
vak per_class_iou: [0.95355827 0.10202403 0.04473139 0.05944812 0.3839778  0.23975426
 0.34526786 0.39750373 0.20605794 0.09083621 0.35143572 0.31336224]
val mIOU:0.291

epoch 28 train_loss:0.148 
train overall_acc:0.957 
train per_class_acc: [0.9906909  0.1200434  0.03862831 0.04709269 0.488115   0.2591883
 0.47027984 0.485866   0.27598086 0.10591175 0.5047596  0.3987517 ]
train per_class_iou: [0.9633863  0.09041721 0.03298942 0.03907604 0.43678772 0.1824989
 0.3849461  0.39067575 0.20293254 0.07582261 0.33569658 0.2711154 ]
train mIOU:0.284
epoch 28 val_loss:0.133 
val overall_acc:0.950 
val per_class_acc: [0.97967213 0.1133623  0.04192081 0.03575111 0.5134538  0.36391285
 0.4289724  0.5056164  0.24425006 0.10870753 0.37230724 0.5398797 ]
vak per_class_iou: [0.95610034 0.08783972 0.03548732 0.03162495 0.47415954 0.2532541
 0.34703436 0.4190508  0.18991746 0.08102699 0.29895347 0.27606657]
val mIOU:0.288

epoch 29 train_loss:0.151 
train overall_acc:0.956 
train per_class_acc: [0.99040747 0.11382219 0.0362446  0.04128557 0.4740541  0.26140082
 0.45258507 0.494904   0.24901581 0.10338452 0.460788   0.42296216]
train per_class_iou: [0.9620079  0.08484742 0.03088627 0.03412914 0.41616902 0.18414386
 0.3716452  0.4020585  0.18395492 0.07363304 0.30993384 0.2813679 ]
train mIOU:0.278
epoch 29 val_loss:0.149 
val overall_acc:0.946 
val per_class_acc: [0.9731296  0.13043004 0.08226797 0.04187715 0.5363791  0.2646799
 0.49402517 0.57014364 0.21062161 0.09201846 0.55129474 0.47571352]
vak per_class_iou: [0.9530193  0.09928408 0.06112451 0.035019   0.42314675 0.21888477
 0.35103244 0.39333788 0.17098358 0.07317869 0.3732485  0.28090948]
val mIOU:0.286

epoch 30 train_loss:0.142 
train overall_acc:0.959 
train per_class_acc: [0.9906197  0.12577489 0.04213998 0.04839716 0.5210277  0.2828351
 0.46775132 0.5051057  0.27434188 0.12180486 0.52947706 0.4498297 ]
train per_class_iou: [0.96439207 0.09181582 0.03537619 0.03910836 0.46610832 0.20358941
 0.3850736  0.4054792  0.20269123 0.08466233 0.34595677 0.30357638]
train mIOU:0.294
epoch 30 val_loss:0.137 
val overall_acc:0.950 
val per_class_acc: [0.9798435  0.14086352 0.04926202 0.05903538 0.5770535  0.33894378
 0.47890043 0.5042872  0.26673868 0.13315703 0.5021476  0.275022  ]
vak per_class_iou: [0.95554173 0.10590564 0.04150025 0.04914889 0.52803814 0.23629269
 0.39223284 0.43321937 0.21101874 0.09627067 0.37693363 0.22907247]
val mIOU:0.305

