epoch 1 train_loss:1.299 
train overall_acc:0.852 
train per_class_acc: [0.9164639  0.06711385 0.00259616 0.01035126 0.00555876 0.18482497
 0.07667207 0.23737156 0.02788362 0.03924705 0.03388761 0.1120896 ]
train per_class_iou: [0.8634941  0.0347603  0.00155057 0.00521683 0.00368923 0.04798192
 0.03560183 0.09834581 0.00523654 0.00325919 0.01810193 0.02610276]
train mIOU:0.095
epoch 1 val_loss:0.441 
val overall_acc:0.913 
val per_class_acc: [9.82728660e-01 8.80889420e-04 7.83202995e-05 0.00000000e+00
 8.41445231e-04 1.30880196e-02 1.00203395e-01 9.27310884e-02
 0.00000000e+00 0.00000000e+00 4.44637953e-05 3.30031291e-03]
vak per_class_iou: [9.1642630e-01 8.4278506e-04 7.8020807e-05 0.0000000e+00 8.2359061e-04
 1.0344914e-02 4.0264349e-02 8.8460907e-02 0.0000000e+00 0.0000000e+00
 4.4002481e-05 3.2449481e-03]
val mIOU:0.088

epoch 2 train_loss:0.367 
train overall_acc:0.922 
train per_class_acc: [9.9442852e-01 1.2227098e-04 9.7768532e-07 0.0000000e+00 3.5487073e-03
 5.3431660e-02 4.8341971e-02 1.4342842e-01 1.0754538e-05 0.0000000e+00
 0.0000000e+00 0.0000000e+00]
train per_class_iou: [9.2422891e-01 1.1782289e-04 9.7723432e-07 0.0000000e+00 2.4712677e-03
 2.7894836e-02 2.8729465e-02 1.1291944e-01 8.5325983e-06 0.0000000e+00
 0.0000000e+00 0.0000000e+00]
train mIOU:0.091
epoch 2 val_loss:0.329 
val overall_acc:0.913 
val per_class_acc: [0.9830981  0.         0.         0.         0.         0.00798078
 0.04099484 0.17899422 0.         0.         0.         0.        ]
vak per_class_iou: [0.9141386  0.         0.         0.         0.         0.00600493
 0.03317897 0.16452762 0.         0.         0.         0.        ]
val mIOU:0.093

epoch 3 train_loss:0.322 
train overall_acc:0.923 
train per_class_acc: [9.9424005e-01 5.9941449e-05 0.0000000e+00 0.0000000e+00 1.2519515e-02
 6.7371115e-02 6.7855522e-02 2.9655659e-01 0.0000000e+00 0.0000000e+00
 5.6964613e-04 0.0000000e+00]
train per_class_iou: [9.2632908e-01 5.9632239e-05 0.0000000e+00 0.0000000e+00 8.6816093e-03
 3.5117757e-02 4.5889616e-02 2.2672060e-01 0.0000000e+00 0.0000000e+00
 5.4735772e-04 0.0000000e+00]
train mIOU:0.104
epoch 3 val_loss:0.295 
val overall_acc:0.915 
val per_class_acc: [9.8208070e-01 0.0000000e+00 0.0000000e+00 0.0000000e+00 6.0300086e-02
 1.3296584e-03 6.5783799e-02 2.6471770e-01 0.0000000e+00 0.0000000e+00
 4.6934583e-05 0.0000000e+00]
vak per_class_iou: [9.1919625e-01 0.0000000e+00 0.0000000e+00 0.0000000e+00 3.5122916e-02
 1.1948559e-03 4.8643250e-02 2.4818969e-01 0.0000000e+00 0.0000000e+00
 4.6865964e-05 0.0000000e+00]
val mIOU:0.104

epoch 4 train_loss:0.297 
train overall_acc:0.923 
train per_class_acc: [9.9257779e-01 3.1143575e-04 0.0000000e+00 0.0000000e+00 2.7083401e-02
 7.1497880e-02 1.0510831e-01 2.8060555e-01 0.0000000e+00 0.0000000e+00
 2.2115318e-02 0.0000000e+00]
train per_class_iou: [9.27112043e-01 3.09661438e-04 0.00000000e+00 0.00000000e+00
 1.75051503e-02 3.94858681e-02 7.32382461e-02 2.22365692e-01
 0.00000000e+00 0.00000000e+00 1.52911795e-02 0.00000000e+00]
train mIOU:0.108
epoch 4 val_loss:0.265 
val overall_acc:0.916 
val per_class_acc: [9.7939616e-01 2.5811727e-05 0.0000000e+00 0.0000000e+00 5.2764017e-02
 7.6297425e-02 2.0232965e-01 4.0457833e-01 0.0000000e+00 0.0000000e+00
 6.5800376e-02 0.0000000e+00]
vak per_class_iou: [9.2107809e-01 2.5782072e-05 0.0000000e+00 0.0000000e+00 4.0538911e-02
 5.4652583e-02 1.4164938e-01 3.2845384e-01 0.0000000e+00 0.0000000e+00
 5.5763900e-02 0.0000000e+00]
val mIOU:0.129

epoch 5 train_loss:0.278 
train overall_acc:0.926 
train per_class_acc: [9.9142283e-01 4.7445903e-03 0.0000000e+00 0.0000000e+00 4.1559376e-02
 5.9884220e-02 1.8137947e-01 3.5363653e-01 0.0000000e+00 0.0000000e+00
 7.2587036e-02 2.3154292e-04]
train per_class_iou: [9.3022299e-01 4.3020980e-03 0.0000000e+00 0.0000000e+00 2.8541286e-02
 3.8380213e-02 1.3603470e-01 2.8593329e-01 0.0000000e+00 0.0000000e+00
 4.8240699e-02 2.0253868e-04]
train mIOU:0.123
epoch 5 val_loss:0.276 
val overall_acc:0.915 
val per_class_acc: [9.8207104e-01 1.0210306e-02 0.0000000e+00 0.0000000e+00 1.3186538e-02
 1.0772118e-01 6.9607481e-02 3.3757561e-01 0.0000000e+00 0.0000000e+00
 1.2960842e-04 1.5031942e-04]
vak per_class_iou: [9.1796052e-01 9.0428758e-03 0.0000000e+00 0.0000000e+00 1.2644851e-02
 6.5969937e-02 5.8715288e-02 3.0748001e-01 0.0000000e+00 0.0000000e+00
 1.2958530e-04 1.4930945e-04]
val mIOU:0.114

epoch 6 train_loss:0.260 
train overall_acc:0.928 
train per_class_acc: [9.9084312e-01 1.6649004e-02 1.6649462e-06 3.9861556e-05 6.0587518e-02
 7.3564351e-02 2.5081304e-01 3.5256460e-01 3.5161182e-04 0.0000000e+00
 8.1724331e-02 9.8171802e-03]
train per_class_iou: [9.3290341e-01 1.4229978e-02 1.6649462e-06 3.7973292e-05 4.1764285e-02
 4.8329271e-02 1.8788019e-01 2.8866500e-01 3.0802193e-04 0.0000000e+00
 5.0928995e-02 7.4801943e-03]
train mIOU:0.131
epoch 6 val_loss:0.244 
val overall_acc:0.920 
val per_class_acc: [0.98035187 0.01234169 0.         0.         0.07044612 0.05658228
 0.16100223 0.3469036  0.         0.         0.11751606 0.00153027]
vak per_class_iou: [0.9241124  0.01139003 0.         0.         0.05421608 0.04453287
 0.13673587 0.28812954 0.         0.         0.08318487 0.00145458]
val mIOU:0.129

epoch 7 train_loss:0.241 
train overall_acc:0.931 
train per_class_acc: [9.8931760e-01 3.3575691e-02 4.1630610e-05 1.1299694e-03 1.2545238e-01
 5.9079845e-02 2.6965877e-01 3.7307930e-01 1.2242959e-03 0.0000000e+00
 1.2812546e-01 2.5788115e-02]
train per_class_iou: [9.3600154e-01 2.6144106e-02 4.1218806e-05 1.0708842e-03 8.9912027e-02
 4.2973824e-02 2.0886795e-01 3.0656874e-01 1.1712516e-03 0.0000000e+00
 8.2077414e-02 1.9328732e-02]
train mIOU:0.143
epoch 7 val_loss:0.226 
val overall_acc:0.920 
val per_class_acc: [9.7314018e-01 7.9267606e-02 8.9261594e-04 6.1013042e-03 1.2797911e-01
 2.6196118e-02 3.5265303e-01 4.6413952e-01 1.0467420e-02 0.0000000e+00
 2.7281353e-01 1.5310505e-01]
vak per_class_iou: [9.2832398e-01 5.6715004e-02 8.7539747e-04 5.6498186e-03 9.8482125e-02
 2.3559438e-02 2.2413926e-01 3.3876234e-01 9.5263431e-03 0.0000000e+00
 1.3391513e-01 9.4785526e-02]
val mIOU:0.160

epoch 8 train_loss:0.231 
train overall_acc:0.933 
train per_class_acc: [9.8819965e-01 4.2980421e-02 5.2525121e-04 4.3186480e-03 1.9685128e-01
 5.5957630e-02 2.6912740e-01 3.8474679e-01 1.0821346e-02 4.2600991e-04
 1.5891598e-01 1.3160101e-01]
train per_class_iou: [9.3886214e-01 3.2491229e-02 5.0606939e-04 3.7805464e-03 1.4190623e-01
 3.9065674e-02 2.0491734e-01 3.1892797e-01 9.8433839e-03 3.8650027e-04
 9.3549624e-02 9.4672143e-02]
train mIOU:0.157
epoch 8 val_loss:0.234 
val overall_acc:0.919 
val per_class_acc: [0.9826181  0.         0.         0.         0.11408004 0.00341153
 0.03684876 0.3069772  0.         0.         0.05798575 0.01280282]
vak per_class_iou: [0.9210325  0.         0.         0.         0.10107725 0.00337219
 0.03575464 0.28166616 0.         0.         0.05183296 0.0127756 ]
val mIOU:0.117

epoch 9 train_loss:0.210 
train overall_acc:0.939 
train per_class_acc: [9.8751354e-01 5.0797727e-02 2.2198383e-03 5.2696806e-03 2.8959262e-01
 5.0152507e-02 3.1164828e-01 4.0553936e-01 2.2540282e-02 6.3038187e-04
 1.7884868e-01 1.9919604e-01]
train per_class_iou: [9.4455492e-01 3.8385831e-02 2.1195954e-03 4.7663134e-03 2.1843047e-01
 3.8142994e-02 2.5047192e-01 3.3088395e-01 2.0850901e-02 6.0651975e-04
 1.0610514e-01 1.2140318e-01]
train mIOU:0.173
epoch 9 val_loss:0.203 
val overall_acc:0.931 
val per_class_acc: [0.9778451  0.10487275 0.01170622 0.01135711 0.2672793  0.00732419
 0.2701824  0.4790394  0.10193617 0.00226938 0.35139856 0.5663539 ]
vak per_class_iou: [0.9383362  0.06897531 0.01064876 0.01030656 0.23922116 0.00705758
 0.2183611  0.36860877 0.08611671 0.00221766 0.17186308 0.22950406]
val mIOU:0.196

epoch 10 train_loss:0.199 
train overall_acc:0.943 
train per_class_acc: [9.8742265e-01 5.6811851e-02 3.2218567e-03 6.0521462e-03 3.5947555e-01
 7.1232811e-02 3.3085829e-01 4.2223251e-01 4.6688378e-02 8.7366899e-04
 2.0674787e-01 2.8142950e-01]
train per_class_iou: [9.4868809e-01 4.2357363e-02 2.9991854e-03 5.4644155e-03 2.8583455e-01
 5.5775307e-02 2.5991154e-01 3.4539583e-01 4.0755648e-02 8.4731024e-04
 1.2656984e-01 1.6843611e-01]
train mIOU:0.190
epoch 10 val_loss:0.193 
val overall_acc:0.932 
val per_class_acc: [0.97638047 0.0363826  0.00242135 0.00463272 0.29305002 0.06365462
 0.34242108 0.43800563 0.02221502 0.         0.226854   0.22301003]
vak per_class_iou: [0.93826413 0.03117577 0.00236395 0.00440217 0.23908181 0.05467504
 0.25194332 0.3592806  0.02168603 0.         0.14315943 0.18122981]
val mIOU:0.186

epoch 11 train_loss:0.189 
train overall_acc:0.946 
train per_class_acc: [0.9880158  0.06499395 0.0031834  0.00852367 0.39920175 0.09856493
 0.33499506 0.42771938 0.06119765 0.00308017 0.24430853 0.27000692]
train per_class_iou: [0.95140916 0.04819587 0.00301997 0.0076786  0.3321007  0.07557756
 0.26679865 0.3489838  0.05094504 0.00282222 0.14417717 0.17315513]
train mIOU:0.200
epoch 11 val_loss:0.189 
val overall_acc:0.932 
val per_class_acc: [0.981878   0.04325319 0.00111554 0.0066439  0.24359335 0.0565262
 0.1628186  0.42411312 0.1100894  0.00239388 0.4407809  0.05893156]
vak per_class_iou: [0.93521744 0.03477731 0.00109738 0.00629929 0.23699169 0.04860092
 0.15145585 0.35596642 0.09864224 0.00236193 0.23146418 0.05349932]
val mIOU:0.180

epoch 12 train_loss:0.188 
train overall_acc:0.946 
train per_class_acc: [0.9882353  0.06920651 0.00376077 0.01013912 0.41857305 0.1098955
 0.33181074 0.4282571  0.08440225 0.00303676 0.305198   0.21678546]
train per_class_iou: [0.9520886  0.05004697 0.00355885 0.00896574 0.34760213 0.08403996
 0.26449567 0.35262886 0.07072037 0.00285179 0.17224273 0.14190556]
train mIOU:0.204
epoch 12 val_loss:0.182 
val overall_acc:0.938 
val per_class_acc: [9.78877664e-01 2.85698213e-02 8.19843670e-04 3.76512180e-03
 4.44098771e-01 4.58183959e-02 2.24499986e-01 4.26925570e-01
 1.45163625e-01 2.74294731e-03 1.58424452e-01 1.10440655e-02]
vak per_class_iou: [9.40801680e-01 2.50333846e-02 8.14778788e-04 3.67106940e-03
 3.93758506e-01 3.94453965e-02 1.89500093e-01 3.55002373e-01
 1.19392715e-01 2.68711033e-03 1.26526326e-01 1.03874216e-02]
val mIOU:0.184

epoch 13 train_loss:0.172 
train overall_acc:0.952 
train per_class_acc: [0.9889424  0.07788916 0.00663256 0.01151456 0.46979627 0.13298525
 0.3914332  0.43791983 0.11700115 0.00828019 0.35200772 0.21052651]
train per_class_iou: [0.9572717  0.05573589 0.00614139 0.01022489 0.4055984  0.09621225
 0.32396114 0.35868102 0.09620335 0.00741002 0.20591986 0.14680603]
train mIOU:0.223
epoch 13 val_loss:0.174 
val overall_acc:0.938 
val per_class_acc: [0.97601926 0.15924832 0.01793209 0.04259434 0.3693877  0.18188164
 0.32632288 0.51571214 0.25646314 0.01680996 0.54361355 0.49137244]
vak per_class_iou: [0.9465691  0.09485506 0.01618626 0.0342638  0.35697114 0.12799525
 0.26403052 0.3631658  0.17350951 0.01459223 0.21005575 0.23452374]
val mIOU:0.236

epoch 14 train_loss:0.168 
train overall_acc:0.952 
train per_class_acc: [0.9891133  0.0773991  0.0064218  0.01317043 0.48236477 0.19130218
 0.3831581  0.45306844 0.14590041 0.01118387 0.39248076 0.28954023]
train per_class_iou: [0.9581319  0.05605919 0.00607017 0.01164213 0.41884014 0.13734289
 0.31253803 0.37061933 0.11430991 0.00972847 0.2325988  0.2018799 ]
train mIOU:0.236
epoch 14 val_loss:0.173 
val overall_acc:0.938 
val per_class_acc: [9.79377151e-01 6.37364462e-02 1.15240915e-02 2.07613548e-03
 4.52537924e-01 1.15790725e-01 1.20706417e-01 5.36030710e-01
 1.41366556e-01 1.07615851e-04 3.25689524e-01 1.58807755e-01]
vak per_class_iou: [9.4304913e-01 5.2197099e-02 1.0950888e-02 2.0488810e-03 3.8543066e-01
 9.2752986e-02 1.1742998e-01 3.9424658e-01 1.2540889e-01 1.0760057e-04
 2.0994215e-01 1.3761877e-01]
val mIOU:0.206

epoch 15 train_loss:0.166 
train overall_acc:0.953 
train per_class_acc: [0.98886216 0.08370952 0.00872252 0.01418254 0.4440684  0.18418615
 0.3887732  0.4591709  0.14972192 0.01073302 0.40068728 0.27156913]
train per_class_iou: [0.9586145  0.06198033 0.00812108 0.01259506 0.38292345 0.1337876
 0.3098915  0.37300503 0.12152722 0.00983223 0.23536989 0.18109894]
train mIOU:0.232
epoch 15 val_loss:0.172 
val overall_acc:0.939 
val per_class_acc: [9.8134518e-01 1.8519169e-02 6.9297414e-04 1.6198687e-03 3.7982866e-01
 5.8133516e-02 2.4482991e-01 4.5152313e-01 1.7363231e-01 5.9079458e-03
 2.5196773e-01 1.0508180e-01]
vak per_class_iou: [9.4064039e-01 1.6894018e-02 6.8641495e-04 1.5968845e-03 3.5844371e-01
 5.0244022e-02 2.1971850e-01 3.8545731e-01 1.4842914e-01 5.6307162e-03
 2.0288302e-01 9.7805515e-02]
val mIOU:0.202

epoch 16 train_loss:0.165 
train overall_acc:0.953 
train per_class_acc: [0.9895608  0.08601084 0.01040702 0.01674531 0.47415987 0.17245299
 0.3876583  0.46378025 0.13969399 0.01574812 0.417688   0.26810566]
train per_class_iou: [0.95899993 0.0633214  0.00956228 0.01483843 0.41102433 0.12394461
 0.3213719  0.3769341  0.10923748 0.01416691 0.24241954 0.18734196]
train mIOU:0.236
epoch 16 val_loss:0.153 
val overall_acc:0.944 
val per_class_acc: [0.9762767  0.13320014 0.03013534 0.04603387 0.52278537 0.05445349
 0.36548227 0.54515254 0.2888058  0.04569744 0.48127154 0.23341836]
vak per_class_iou: [0.9504667  0.08995263 0.02581438 0.0357462  0.45455796 0.05012574
 0.3065394  0.36466312 0.1649119  0.03763599 0.27147076 0.17868064]
val mIOU:0.244

epoch 17 train_loss:0.153 
train overall_acc:0.956 
train per_class_acc: [0.98976153 0.09594738 0.01024959 0.02303673 0.51005435 0.21433596
 0.42233992 0.47362006 0.18171547 0.02303412 0.4739302  0.24597572]
train per_class_iou: [0.96194154 0.07059272 0.00947411 0.01957121 0.45048717 0.14989692
 0.35021865 0.3851357  0.14303258 0.02007723 0.27851075 0.16837367]
train mIOU:0.251
epoch 17 val_loss:0.155 
val overall_acc:0.944 
val per_class_acc: [9.7754866e-01 6.1774729e-03 2.7250950e-04 5.1971705e-04 5.0779527e-01
 9.0518460e-02 3.8857329e-01 2.8735486e-01 4.0959399e-02 8.0596865e-04
 3.9461520e-01 3.0481914e-02]
vak per_class_iou: [9.4725460e-01 6.0302438e-03 2.7236470e-04 5.1797897e-04 4.3803731e-01
 8.2122341e-02 2.9767349e-01 2.7464116e-01 4.0169049e-02 7.8818115e-04
 2.6551467e-01 2.9560242e-02]
val mIOU:0.199

epoch 18 train_loss:0.155 
train overall_acc:0.955 
train per_class_acc: [0.9895671  0.09325607 0.01176778 0.02335767 0.47816464 0.22739127
 0.43527573 0.4537885  0.18318585 0.02791678 0.45481825 0.25890136]
train per_class_iou: [0.96111214 0.06837279 0.01076967 0.01993786 0.41775855 0.16373466
 0.3531768  0.37420395 0.14337036 0.02440746 0.2770471  0.17675965]
train mIOU:0.249
epoch 18 val_loss:0.145 
val overall_acc:0.946 
val per_class_acc: [0.9767517  0.202535   0.02348737 0.07139523 0.5056044  0.22984354
 0.4246589  0.53954923 0.29681224 0.09147217 0.43304327 0.47553012]
vak per_class_iou: [0.9539167  0.11847561 0.02074259 0.05083731 0.4674634  0.16587232
 0.3384175  0.405667   0.17912918 0.06689199 0.26632568 0.23530947]
val mIOU:0.272

epoch 19 train_loss:0.147 
train overall_acc:0.958 
train per_class_acc: [0.98994875 0.10189819 0.01572021 0.02593367 0.53000927 0.24393027
 0.42594883 0.4714537  0.19732937 0.03076359 0.49933854 0.29860595]
train per_class_iou: [0.96338576 0.07424714 0.01421482 0.02206388 0.46570167 0.17471395
 0.35903245 0.38309819 0.15306659 0.0259086  0.29674447 0.19962746]
train mIOU:0.261
epoch 19 val_loss:0.173 
val overall_acc:0.938 
val per_class_acc: [0.9678897  0.05885647 0.004457   0.0051091  0.5363763  0.11741761
 0.44813767 0.3879226  0.0982028  0.01744226 0.15524055 0.30056772]
vak per_class_iou: [0.9444848  0.04768969 0.00424417 0.00491828 0.3800487  0.09271289
 0.29390055 0.35526615 0.09286404 0.01602899 0.13150491 0.21442392]
val mIOU:0.215

epoch 20 train_loss:0.144 
train overall_acc:0.959 
train per_class_acc: [0.99030775 0.10604489 0.01890567 0.0316916  0.56728816 0.238808
 0.42849863 0.4694856  0.19982037 0.03717173 0.48159385 0.30889842]
train per_class_iou: [0.96448845 0.07697053 0.01671854 0.02661464 0.5041692  0.17354432
 0.35928398 0.38267112 0.15383814 0.03168909 0.2959917  0.21198331]
train mIOU:0.266
epoch 20 val_loss:0.139 
val overall_acc:0.947 
val per_class_acc: [0.97920835 0.16453765 0.03862095 0.02154317 0.52622634 0.2382019
 0.30825293 0.55190927 0.30030754 0.02050032 0.4867667  0.34844562]
vak per_class_iou: [0.9528042  0.11088469 0.03266017 0.01956323 0.4862986  0.17934662
 0.27403262 0.40484837 0.20046529 0.01909479 0.32496297 0.23316616]
val mIOU:0.270

epoch 21 train_loss:0.144 
train overall_acc:0.958 
train per_class_acc: [0.99007094 0.11673824 0.02077478 0.03290761 0.5306673  0.25166008
 0.44201687 0.48580095 0.21974818 0.04645062 0.51429546 0.2496696 ]
train per_class_iou: [0.9643706  0.08416134 0.01838815 0.027153   0.46472064 0.17792028
 0.36606035 0.3951546  0.16557917 0.03797099 0.30160055 0.18335819]
train mIOU:0.266
epoch 21 val_loss:0.136 
val overall_acc:0.948 
val per_class_acc: [0.97592133 0.14954954 0.02669161 0.02395785 0.5459441  0.38251734
 0.42173848 0.4679192  0.31644613 0.04932884 0.45529905 0.49285024]
vak per_class_iou: [0.95507026 0.1093158  0.02350587 0.02147282 0.47319472 0.2157446
 0.3476084  0.38952598 0.2017138  0.0410081  0.2925366  0.28795248]
val mIOU:0.280

epoch 22 train_loss:0.136 
train overall_acc:0.960 
train per_class_acc: [0.9906171  0.11777629 0.02352547 0.0372589  0.5608284  0.2636473
 0.45109722 0.48999563 0.2326793  0.05302859 0.5183001  0.25990146]
train per_class_iou: [0.9661557  0.08587421 0.02094403 0.03097807 0.4984763  0.19126488
 0.375632   0.39535972 0.17800501 0.04407291 0.3202644  0.18193376]
train mIOU:0.274
epoch 22 val_loss:0.141 
val overall_acc:0.948 
val per_class_acc: [0.9793381  0.07079542 0.01623706 0.03489489 0.52175933 0.29434663
 0.31687087 0.52445847 0.20648135 0.03725426 0.63094234 0.0053433 ]
vak per_class_iou: [0.9528359  0.05946346 0.01494535 0.03072416 0.47643965 0.21940984
 0.29357624 0.4170731  0.17623241 0.03337388 0.35138997 0.00531637]
val mIOU:0.253

epoch 23 train_loss:0.137 
train overall_acc:0.960 
train per_class_acc: [0.990241   0.12298584 0.03308946 0.03727757 0.5547834  0.26514736
 0.44755366 0.48294944 0.23666535 0.06518555 0.5312639  0.26118493]
train per_class_iou: [0.96581185 0.0917436  0.02823427 0.03098204 0.48462442 0.19478127
 0.37252238 0.3934367  0.18094619 0.05071583 0.32593495 0.1905094 ]
train mIOU:0.276
epoch 23 val_loss:0.140 
val overall_acc:0.948 
val per_class_acc: [0.9780428  0.14290121 0.02474201 0.04722376 0.52023774 0.26213685
 0.3574594  0.4966835  0.19276537 0.06241008 0.44342136 0.314003  ]
vak per_class_iou: [0.9539077  0.10234337 0.02186608 0.03821374 0.4579461  0.175852
 0.30805823 0.42582655 0.16365618 0.05157731 0.30313125 0.22796589]
val mIOU:0.269

epoch 24 train_loss:0.137 
train overall_acc:0.960 
train per_class_acc: [0.99033344 0.13089572 0.02856122 0.0467218  0.5293162  0.28200203
 0.43768933 0.4954532  0.2228939  0.07301329 0.5313088  0.28759825]
train per_class_iou: [0.9656569  0.09595917 0.02499169 0.03806391 0.46632805 0.20505172
 0.37109154 0.3975045  0.17001626 0.05703581 0.325179   0.20090616]
train mIOU:0.276
epoch 24 val_loss:0.134 
val overall_acc:0.949 
val per_class_acc: [0.97551286 0.20389019 0.04369632 0.07974263 0.5660272  0.35878605
 0.5098342  0.44477394 0.31936547 0.17667812 0.53047043 0.42095464]
vak per_class_iou: [0.9571864  0.13575798 0.03715498 0.05914517 0.50906897 0.23287497
 0.3660854  0.39379278 0.1999642  0.10330017 0.3328957  0.25839713]
val mIOU:0.299

epoch 25 train_loss:0.134 
train overall_acc:0.961 
train per_class_acc: [0.9904713  0.13425237 0.03615429 0.04385557 0.55446166 0.28702855
 0.46380323 0.49552512 0.23956986 0.09237283 0.54342276 0.2838437 ]
train per_class_iou: [0.96693516 0.09813952 0.03111454 0.0364502  0.49225685 0.2079117
 0.3797795  0.40346718 0.1844683  0.0687285  0.34250638 0.20887458]
train mIOU:0.285
epoch 25 val_loss:0.148 
val overall_acc:0.946 
val per_class_acc: [0.9818364  0.0622107  0.01721006 0.04391688 0.4596792  0.15901472
 0.2720563  0.47474295 0.27051333 0.0728095  0.53857815 0.16399994]
vak per_class_iou: [0.94908047 0.05422765 0.0159684  0.03750563 0.4400853  0.13130458
 0.25927326 0.386038   0.20029296 0.05485238 0.3376989  0.13859364]
val mIOU:0.250

epoch 26 train_loss:0.130 
train overall_acc:0.962 
train per_class_acc: [0.99074644 0.14012502 0.03301008 0.04863047 0.55705523 0.31066972
 0.46390355 0.5099671  0.24057388 0.09804732 0.5418741  0.32953456]
train per_class_iou: [0.9680109  0.10254187 0.02859588 0.03983573 0.49863246 0.22537969
 0.39223278 0.4117683  0.1825051  0.07045122 0.34130698 0.23757654]
train mIOU:0.292
epoch 26 val_loss:0.130 
val overall_acc:0.950 
val per_class_acc: [0.9776786  0.18803817 0.04036793 0.04428899 0.55946773 0.19749707
 0.4525274  0.5504362  0.30335844 0.08497097 0.5461633  0.50107235]
vak per_class_iou: [0.95702285 0.1302362  0.03434701 0.03679441 0.49484354 0.1681884
 0.36879224 0.42372358 0.19660345 0.06529156 0.32898936 0.2842942 ]
val mIOU:0.291

epoch 27 train_loss:0.128 
train overall_acc:0.962 
train per_class_acc: [0.99059343 0.14085114 0.03725671 0.04898185 0.56494    0.29414478
 0.47926438 0.4942414  0.25401092 0.10689585 0.5669002  0.2695016 ]
train per_class_iou: [0.967911   0.10297529 0.03222904 0.0406234  0.5091511  0.21679172
 0.40109167 0.39499968 0.19574624 0.07654813 0.35873106 0.20031478]
train mIOU:0.291
epoch 27 val_loss:0.139 
val overall_acc:0.947 
val per_class_acc: [0.9809387  0.14070466 0.03417748 0.04667653 0.42116487 0.34182152
 0.37657374 0.51035094 0.24149953 0.09705281 0.4081874  0.42391226]
vak per_class_iou: [0.95293313 0.10288993 0.02959856 0.03902509 0.4094623  0.24592377
 0.3153695  0.4215996  0.19908342 0.07567143 0.32484043 0.313913  ]
val mIOU:0.286

epoch 28 train_loss:0.127 
train overall_acc:0.963 
train per_class_acc: [0.99083936 0.149645   0.04390232 0.05481995 0.57106996 0.31147894
 0.47249034 0.5159443  0.25022814 0.12436538 0.56342673 0.3159046 ]
train per_class_iou: [0.96867526 0.10831948 0.03738758 0.04431333 0.5102219  0.23266129
 0.39488852 0.41653532 0.1955407  0.08661079 0.3551852  0.22823009]
train mIOU:0.298
epoch 28 val_loss:0.127 
val overall_acc:0.951 
val per_class_acc: [0.9785817  0.16352391 0.05533849 0.05399073 0.5285782  0.28732368
 0.36623698 0.5635271  0.31144753 0.1226025  0.5358906  0.40426895]
vak per_class_iou: [0.9566292  0.11937325 0.04501758 0.04470831 0.47073367 0.23379526
 0.3271757  0.41492662 0.21273795 0.08940407 0.36909723 0.30095786]
val mIOU:0.299

epoch 29 train_loss:0.121 
train overall_acc:0.964 
train per_class_acc: [0.9911309  0.152798   0.0430179  0.05714805 0.58976567 0.33678216
 0.48513505 0.50439155 0.2528144  0.13812521 0.5562883  0.30369183]
train per_class_iou: [0.9700003  0.10928952 0.03661314 0.04589934 0.52554476 0.25055858
 0.41024935 0.40423837 0.19558209 0.09418929 0.3491592  0.21344301]
train mIOU:0.300
epoch 29 val_loss:0.127 
val overall_acc:0.951 
val per_class_acc: [0.9787974  0.26298457 0.07782071 0.10311394 0.51179063 0.28545815
 0.3813266  0.5666181  0.32597762 0.15525268 0.54751045 0.5347617 ]
vak per_class_iou: [0.9587935  0.15524705 0.05859951 0.07183786 0.4749559  0.22026558
 0.34470528 0.42549464 0.21714564 0.09889843 0.36022586 0.31368127]
val mIOU:0.308

epoch 30 train_loss:0.118 
train overall_acc:0.965 
train per_class_acc: [0.9911779  0.16575319 0.04846659 0.06333082 0.5974982  0.3666741
 0.48883155 0.52208453 0.253863   0.14935398 0.59350246 0.31858143]
train per_class_iou: [0.97099465 0.12093733 0.04108515 0.05131682 0.540652   0.26893404
 0.4106999  0.41866428 0.19827239 0.10209733 0.37574455 0.22982822]
train mIOU:0.311
epoch 30 val_loss:0.129 
val overall_acc:0.951 
val per_class_acc: [0.9755209  0.29748133 0.06906502 0.09496409 0.5390133  0.34385836
 0.5828307  0.5606424  0.27390364 0.16956986 0.5176952  0.44327295]
vak per_class_iou: [0.95834553 0.1660152  0.05493168 0.06938925 0.5053623  0.24675506
 0.41093022 0.44266903 0.20930317 0.10829861 0.36333287 0.29204586]
val mIOU:0.319

