epoch 1 train_loss:1.381 
train overall_acc:0.820 
train per_class_acc: [0.8811391  0.06184436 0.07811803 0.00089552 0.0787838  0.08399487
 0.05959542 0.20621735 0.00519642 0.0208611  0.09844381 0.07261087]
train per_class_iou: [8.3122385e-01 2.6705971e-02 1.0547979e-02 3.7746981e-04 2.4058074e-02
 3.0995287e-02 3.4564793e-02 7.9258971e-02 3.0832235e-03 1.2060032e-03
 2.5556376e-02 1.5647447e-02]
train mIOU:0.090
epoch 1 val_loss:0.627 
val overall_acc:0.916 
val per_class_acc: [9.7862256e-01 1.2213871e-02 4.5667971e-03 1.7959770e-05 6.1937333e-03
 1.0381970e-02 1.9429070e-01 1.0854162e-01 8.8144913e-02 7.6319135e-05
 4.9149552e-03 2.6862082e-01]
vak per_class_iou: [9.1906750e-01 1.1067523e-02 4.1610715e-03 1.7959770e-05 3.6450247e-03
 8.9514768e-03 1.5556701e-01 8.8845246e-02 5.3671401e-02 6.5268025e-05
 4.3698759e-03 1.4176390e-01]
val mIOU:0.116

epoch 2 train_loss:0.378 
train overall_acc:0.920 
train per_class_acc: [9.9243283e-01 5.6761051e-05 3.1340890e-06 0.0000000e+00 6.2162285e-03
 1.9640274e-02 2.9587859e-02 6.7351572e-03 0.0000000e+00 0.0000000e+00
 8.7517139e-05 2.7503122e-03]
train per_class_iou: [9.2070812e-01 5.3616579e-05 3.0564715e-06 0.0000000e+00 4.2814296e-03
 1.1609078e-02 2.1248089e-02 5.9778439e-03 0.0000000e+00 0.0000000e+00
 8.6036307e-05 1.4780429e-03]
train mIOU:0.080
epoch 2 val_loss:0.319 
val overall_acc:0.914 
val per_class_acc: [9.8168397e-01 0.0000000e+00 0.0000000e+00 0.0000000e+00 8.9456793e-04
 9.5982281e-03 1.3087742e-01 7.4971719e-03 0.0000000e+00 0.0000000e+00
 0.0000000e+00 0.0000000e+00]
vak per_class_iou: [9.1571397e-01 0.0000000e+00 0.0000000e+00 0.0000000e+00 8.8030956e-04
 6.7795962e-03 7.1052171e-02 7.4250679e-03 0.0000000e+00 0.0000000e+00
 0.0000000e+00 0.0000000e+00]
val mIOU:0.083

epoch 3 train_loss:0.312 
train overall_acc:0.923 
train per_class_acc: [0.99416953 0.         0.         0.         0.00771647 0.07192232
 0.08806102 0.13298802 0.         0.         0.         0.        ]
train per_class_iou: [0.9255662  0.         0.         0.         0.0058157  0.04153745
 0.06615342 0.11966331 0.         0.         0.         0.        ]
train mIOU:0.097
epoch 3 val_loss:0.279 
val overall_acc:0.916 
val per_class_acc: [9.8272645e-01 0.0000000e+00 0.0000000e+00 0.0000000e+00 4.4427205e-05
 7.2997692e-03 9.2504553e-02 2.2538549e-01 0.0000000e+00 0.0000000e+00
 0.0000000e+00 0.0000000e+00]
vak per_class_iou: [9.1677600e-01 0.0000000e+00 0.0000000e+00 0.0000000e+00 4.4409102e-05
 6.7415186e-03 7.0770197e-02 1.9677640e-01 0.0000000e+00 0.0000000e+00
 0.0000000e+00 0.0000000e+00]
val mIOU:0.099

epoch 4 train_loss:0.295 
train overall_acc:0.925 
train per_class_acc: [0.9930403  0.         0.         0.         0.00573913 0.03629031
 0.14774776 0.2676477  0.         0.         0.01219646 0.        ]
train per_class_iou: [0.92699295 0.         0.         0.         0.00492928 0.02408161
 0.11279166 0.21253556 0.         0.         0.00896687 0.        ]
train mIOU:0.108
epoch 4 val_loss:0.348 
val overall_acc:0.914 
val per_class_acc: [9.8325193e-01 0.0000000e+00 0.0000000e+00 0.0000000e+00 3.5093381e-04
 2.8383222e-03 2.5402887e-03 2.7950278e-01 0.0000000e+00 0.0000000e+00
 0.0000000e+00 0.0000000e+00]
vak per_class_iou: [9.1452640e-01 0.0000000e+00 0.0000000e+00 0.0000000e+00 3.4003740e-04
 2.7917090e-03 2.5140536e-03 2.2681975e-01 0.0000000e+00 0.0000000e+00
 0.0000000e+00 0.0000000e+00]
val mIOU:0.096

epoch 5 train_loss:0.285 
train overall_acc:0.926 
train per_class_acc: [9.9230891e-01 3.3236845e-04 1.5994559e-04 0.0000000e+00 1.6564755e-02
 5.1128402e-02 1.7305575e-01 3.2300252e-01 0.0000000e+00 0.0000000e+00
 3.2388192e-02 1.2730050e-05]
train per_class_iou: [9.2888939e-01 3.2710138e-04 1.5708806e-04 0.0000000e+00 1.1737443e-02
 3.2315832e-02 1.3892621e-01 2.4238582e-01 0.0000000e+00 0.0000000e+00
 1.9100012e-02 1.2713681e-05]
train mIOU:0.114
epoch 5 val_loss:0.280 
val overall_acc:0.915 
val per_class_acc: [9.8086655e-01 2.4404705e-03 7.1487081e-04 0.0000000e+00 2.5440281e-02
 1.9906422e-01 2.5611534e-03 3.6112919e-01 4.5077383e-04 0.0000000e+00
 9.7040616e-02 0.0000000e+00]
vak per_class_iou: [9.1984302e-01 2.4046197e-03 7.0751930e-04 0.0000000e+00 2.0046987e-02
 1.1472203e-01 2.4181297e-03 2.7544111e-01 4.1818686e-04 0.0000000e+00
 5.6938782e-02 0.0000000e+00]
val mIOU:0.116

epoch 6 train_loss:0.264 
train overall_acc:0.927 
train per_class_acc: [9.9059188e-01 6.8697804e-03 1.7639929e-03 1.4608678e-05 4.1767791e-02
 4.3899491e-02 2.2466177e-01 3.4177792e-01 2.9892230e-03 1.1161285e-04
 8.5941717e-02 2.3993300e-03]
train per_class_iou: [9.3085933e-01 6.3058790e-03 1.6641370e-03 1.4580809e-05 2.9995436e-02
 2.9299919e-02 1.7143382e-01 2.5689304e-01 2.6768176e-03 1.0800609e-04
 5.4726366e-02 2.2878733e-03]
train mIOU:0.124
epoch 6 val_loss:0.267 
val overall_acc:0.917 
val per_class_acc: [9.8231345e-01 9.8306639e-03 0.0000000e+00 0.0000000e+00 1.2655066e-02
 3.2966302e-04 1.0347759e-01 3.6135960e-01 1.1344789e-02 0.0000000e+00
 2.8371189e-02 8.8816872e-03]
vak per_class_iou: [9.1825032e-01 8.9161703e-03 0.0000000e+00 0.0000000e+00 1.1722968e-02
 3.2020628e-04 9.1431849e-02 2.8616184e-01 1.0892767e-02 0.0000000e+00
 2.1099290e-02 8.4604379e-03]
val mIOU:0.113

epoch 7 train_loss:0.245 
train overall_acc:0.929 
train per_class_acc: [9.8976189e-01 2.3143904e-02 1.7426845e-03 2.5937721e-04 8.2974426e-02
 3.5073806e-02 2.4568954e-01 3.5575876e-01 2.1768589e-02 3.6339136e-04
 1.0567102e-01 2.6591118e-02]
train per_class_iou: [9.3397564e-01 1.9024659e-02 1.6388603e-03 2.5577610e-04 5.4812767e-02
 2.6300583e-02 1.8858005e-01 2.7656057e-01 1.7662277e-02 3.1181378e-04
 6.8268523e-02 1.6752014e-02]
train mIOU:0.134
epoch 7 val_loss:0.215 
val overall_acc:0.921 
val per_class_acc: [9.7992015e-01 4.3161053e-02 9.7462634e-04 1.6059841e-03 8.1306122e-02
 1.2211828e-01 1.9785318e-01 4.5443213e-01 3.7005579e-03 0.0000000e+00
 1.4344327e-01 4.5387391e-03]
vak per_class_iou: [0.9270238  0.03484141 0.00096274 0.00158534 0.0601729  0.08566381
 0.16270998 0.32214352 0.00366866 0.         0.08142586 0.00444368]
val mIOU:0.140

epoch 8 train_loss:0.234 
train overall_acc:0.932 
train per_class_acc: [9.88552809e-01 3.35896313e-02 1.68431213e-03 1.46473083e-03
 1.46589696e-01 4.33872826e-02 2.67660499e-01 3.72671962e-01
 3.59737836e-02 2.75866943e-04 1.24802515e-01 3.51276286e-02]
train per_class_iou: [9.3675929e-01 2.6725622e-02 1.6163889e-03 1.4325549e-03 1.0450321e-01
 3.1126056e-02 2.1145576e-01 2.9360506e-01 3.2117609e-02 2.4337463e-04
 7.6769814e-02 2.7187845e-02]
train mIOU:0.145
epoch 8 val_loss:0.202 
val overall_acc:0.927 
val per_class_acc: [0.96926373 0.05287666 0.00448433 0.00509171 0.28260046 0.03539144
 0.4449621  0.39489374 0.04063015 0.00125443 0.15285857 0.16152711]
vak per_class_iou: [0.9342114  0.04199047 0.00431897 0.00490799 0.22658364 0.03058129
 0.27195337 0.30851606 0.03300294 0.00117184 0.0926111  0.11368274]
val mIOU:0.172

epoch 9 train_loss:0.215 
train overall_acc:0.937 
train per_class_acc: [9.8786092e-01 3.9566975e-02 3.3919024e-03 6.1606965e-03 2.4912433e-01
 4.1930586e-02 2.9525065e-01 3.8167650e-01 5.8470692e-02 1.0322171e-04
 1.6770667e-01 9.8087713e-02]
train per_class_iou: [9.4317317e-01 3.0966736e-02 3.2347641e-03 5.6573637e-03 1.8910988e-01
 3.1254560e-02 2.3148218e-01 3.0695030e-01 4.9864814e-02 9.8525132e-05
 1.1025862e-01 6.4881399e-02]
train mIOU:0.164
epoch 9 val_loss:0.193 
val overall_acc:0.935 
val per_class_acc: [9.7969174e-01 1.0552247e-02 8.1315404e-05 7.1609579e-04 3.8392961e-01
 1.3180848e-02 1.9031367e-01 3.8885143e-01 1.9302895e-02 0.0000000e+00
 9.4419479e-02 7.1599744e-02]
vak per_class_iou: [9.3847948e-01 9.7275861e-03 8.0671249e-05 7.1027072e-04 3.1576020e-01
 1.2567173e-02 1.7491783e-01 3.2196793e-01 1.8822990e-02 0.0000000e+00
 7.4068435e-02 5.9209038e-02]
val mIOU:0.161

epoch 10 train_loss:0.205 
train overall_acc:0.942 
train per_class_acc: [0.98761994 0.04177524 0.00547243 0.00765696 0.32025033 0.04346523
 0.3171157  0.38143867 0.08477132 0.00102587 0.21521367 0.11012224]
train per_class_iou: [9.4726175e-01 3.2284636e-02 5.0329333e-03 6.8751052e-03 2.5410563e-01
 3.3196419e-02 2.5705135e-01 3.0681759e-01 6.9412917e-02 9.4181666e-04
 1.3062653e-01 7.6876886e-02]
train mIOU:0.177
epoch 10 val_loss:0.171 
val overall_acc:0.937 
val per_class_acc: [9.7641760e-01 3.3715721e-02 2.2689324e-02 6.5948749e-03 3.4428230e-01
 9.5605440e-02 3.5045812e-01 4.6149570e-01 7.9967305e-02 1.9936204e-05
 1.3139905e-01 3.2052362e-01]
vak per_class_iou: [9.4156921e-01 2.8007366e-02 1.8953394e-02 6.1691678e-03 3.2356814e-01
 7.7172518e-02 2.5632253e-01 3.2262963e-01 6.5931536e-02 1.9912384e-05
 9.3807027e-02 2.2151853e-01]
val mIOU:0.196

epoch 11 train_loss:0.191 
train overall_acc:0.945 
train per_class_acc: [0.98811513 0.04231385 0.00988644 0.00872256 0.37349236 0.08191066
 0.3002097  0.4032516  0.09282321 0.00301217 0.21517092 0.18765411]
train per_class_iou: [0.9503363  0.03207519 0.00872236 0.0078516  0.305891   0.05951328
 0.24271205 0.32552838 0.07996991 0.00257616 0.14284746 0.11664585]
train mIOU:0.190
epoch 11 val_loss:0.163 
val overall_acc:0.942 
val per_class_acc: [9.8016059e-01 1.8535467e-02 2.2269934e-03 3.3816774e-03 4.1138870e-01
 2.9610397e-02 3.5930270e-01 3.4284908e-01 7.6867484e-02 4.7121281e-04
 1.5280619e-01 1.7248623e-01]
vak per_class_iou: [9.4441628e-01 1.6467728e-02 2.1794264e-03 3.2970421e-03 3.8823023e-01
 2.7680844e-02 2.9403704e-01 2.9675463e-01 6.5525167e-02 4.6908771e-04
 1.1551196e-01 1.5291122e-01]
val mIOU:0.192

epoch 12 train_loss:0.182 
train overall_acc:0.948 
train per_class_acc: [0.98827666 0.05386449 0.01137379 0.01061982 0.414548   0.1007241
 0.3224644  0.39208066 0.09595872 0.00465404 0.24651653 0.19026831]
train per_class_iou: [0.9534731  0.04046648 0.01026799 0.00938431 0.35590002 0.07644072
 0.26277617 0.31478202 0.0763719  0.00402388 0.15381774 0.13826717]
train mIOU:0.200
epoch 12 val_loss:0.165 
val overall_acc:0.939 
val per_class_acc: [0.9694701  0.05497053 0.01168773 0.00505457 0.50471675 0.16845804
 0.3896866  0.43192062 0.13070326 0.00212797 0.19010238 0.3470006 ]
vak per_class_iou: [0.94464624 0.04249493 0.01072472 0.00486627 0.3920497  0.12072632
 0.3019314  0.34543082 0.09860739 0.00207956 0.13748516 0.26219958]
val mIOU:0.222

epoch 13 train_loss:0.167 
train overall_acc:0.952 
train per_class_acc: [0.9884737  0.05448782 0.01108995 0.01302412 0.47073272 0.12172157
 0.38283473 0.42016706 0.13184094 0.00688008 0.27759054 0.23550536]
train per_class_iou: [0.95716125 0.04076481 0.00999826 0.01110795 0.4121094  0.08855625
 0.31629357 0.34171033 0.10667775 0.00583563 0.17346217 0.16700186]
train mIOU:0.219
epoch 13 val_loss:0.153 
val overall_acc:0.943 
val per_class_acc: [0.97824407 0.05455108 0.03004388 0.00772227 0.46905306 0.15202208
 0.35277882 0.48472264 0.16288884 0.00296743 0.3368216  0.5553895 ]
vak per_class_iou: [0.9490998  0.04328018 0.02494464 0.00735231 0.44582263 0.11976554
 0.30135712 0.35822803 0.09686327 0.00280765 0.16551934 0.25954092]
val mIOU:0.231

epoch 14 train_loss:0.163 
train overall_acc:0.954 
train per_class_acc: [0.9888159  0.05400379 0.01439671 0.01447821 0.522584   0.12677747
 0.35939825 0.42472014 0.14810908 0.00916194 0.33004004 0.290513  ]
train per_class_iou: [0.9581817  0.04183065 0.01287545 0.01262995 0.45853513 0.08808468
 0.30541196 0.34005865 0.11806198 0.00799861 0.20957261 0.18979704]
train mIOU:0.229
epoch 14 val_loss:0.153 
val overall_acc:0.944 
val per_class_acc: [0.97356224 0.12723546 0.03235535 0.03889267 0.56089914 0.11082557
 0.3128576  0.52004963 0.04672067 0.04570981 0.2872147  0.49753585]
vak per_class_iou: [0.95096606 0.07660606 0.02661288 0.03174034 0.46706516 0.09063456
 0.27137774 0.36726493 0.03673838 0.03067818 0.16395594 0.30225715]
val mIOU:0.235

epoch 15 train_loss:0.156 
train overall_acc:0.955 
train per_class_acc: [0.9889218  0.05941352 0.0176173  0.01512695 0.5019446  0.13784632
 0.39350578 0.41888797 0.15364729 0.01500634 0.35429597 0.271213  ]
train per_class_iou: [0.96011305 0.04548469 0.01544886 0.01302898 0.44106203 0.10045484
 0.3264525  0.34100357 0.11806883 0.01277082 0.21296106 0.17782104]
train mIOU:0.230
epoch 15 val_loss:0.139 
val overall_acc:0.947 
val per_class_acc: [9.8128515e-01 2.1348562e-02 1.4328131e-02 3.6185715e-04 5.1696390e-01
 1.2987809e-01 3.0432338e-01 4.6112758e-01 8.1557006e-02 2.4795570e-04
 2.8658399e-01 3.9946586e-01]
vak per_class_iou: [9.5044935e-01 1.9439178e-02 1.3136433e-02 3.6045676e-04 4.9571955e-01
 1.0663287e-01 2.8683272e-01 3.7115243e-01 6.9976367e-02 2.4793006e-04
 1.8541075e-01 3.1822664e-01]
val mIOU:0.235

epoch 16 train_loss:0.155 
train overall_acc:0.955 
train per_class_acc: [0.9892917  0.05730128 0.01843854 0.0178582  0.49596193 0.14589064
 0.38869575 0.42615974 0.15884833 0.01495649 0.39600623 0.25764242]
train per_class_iou: [0.9600564  0.04432019 0.0160629  0.01527676 0.44005546 0.10810311
 0.32294542 0.34194273 0.12590845 0.01211339 0.23551701 0.17925593]
train mIOU:0.233
epoch 16 val_loss:0.142 
val overall_acc:0.945 
val per_class_acc: [0.98137224 0.02691183 0.00427899 0.0019061  0.51117295 0.14575058
 0.23786083 0.28321326 0.1357974  0.00098693 0.31863838 0.27048877]
vak per_class_iou: [0.94856703 0.02411628 0.00414998 0.00188016 0.48591718 0.10375286
 0.21976128 0.26941553 0.10963892 0.00097289 0.20671487 0.24048454]
val mIOU:0.218

epoch 17 train_loss:0.150 
train overall_acc:0.957 
train per_class_acc: [0.9894312  0.059308   0.01918131 0.01807674 0.5213378  0.15389717
 0.39464438 0.4350576  0.17069255 0.020229   0.42683268 0.25611413]
train per_class_iou: [0.9615291  0.04548672 0.01682879 0.01547947 0.46509883 0.11173981
 0.325841   0.35198122 0.13377821 0.01664981 0.25720036 0.18803681]
train mIOU:0.241
epoch 17 val_loss:0.123 
val overall_acc:0.952 
val per_class_acc: [0.9793365  0.02526801 0.00723175 0.00494612 0.61364216 0.20963062
 0.46836987 0.40925172 0.11333466 0.01055248 0.35764554 0.13369529]
vak per_class_iou: [0.9561111  0.02319142 0.00693972 0.00476488 0.55167925 0.16378339
 0.36251968 0.3627135  0.09742988 0.01022243 0.24382202 0.12076671]
val mIOU:0.242

epoch 18 train_loss:0.132 
train overall_acc:0.961 
train per_class_acc: [0.99054945 0.06899874 0.02100296 0.02426399 0.55252004 0.18330416
 0.44439018 0.4426118  0.20818163 0.02785376 0.4795972  0.309534  ]
train per_class_iou: [0.96631294 0.0528483  0.01832451 0.02060731 0.5015697  0.14039053
 0.38108662 0.35503542 0.1546248  0.02253601 0.2910382  0.2235966 ]
train mIOU:0.261
epoch 18 val_loss:0.126 
val overall_acc:0.952 
val per_class_acc: [0.9770977  0.07112782 0.02678786 0.01982493 0.53654176 0.35868502
 0.4685085  0.43070355 0.18037914 0.03336025 0.45152962 0.50291383]
vak per_class_iou: [0.95796114 0.05656287 0.02316529 0.01767258 0.5032953  0.21835868
 0.38825592 0.33661854 0.12677518 0.02900308 0.30743286 0.33114466]
val mIOU:0.275

epoch 19 train_loss:0.135 
train overall_acc:0.961 
train per_class_acc: [0.99017125 0.06736731 0.02420308 0.02776714 0.53599495 0.2063676
 0.44057554 0.43373823 0.21536586 0.02613937 0.47198933 0.30754563]
train per_class_iou: [0.96546584 0.05268756 0.02067635 0.02328822 0.48203814 0.1499395
 0.37495634 0.35101983 0.16488297 0.02117985 0.28740272 0.21583542]
train mIOU:0.259
epoch 19 val_loss:0.127 
val overall_acc:0.951 
val per_class_acc: [0.9765183  0.03365082 0.01356338 0.01388855 0.56692874 0.23535949
 0.52319443 0.38388315 0.09207819 0.00301587 0.25814593 0.15275246]
vak per_class_iou: [0.9552456  0.03018197 0.01267457 0.01296033 0.50291514 0.15445979
 0.3945184  0.3378709  0.08406801 0.00296336 0.21849675 0.14605649]
val mIOU:0.238

epoch 20 train_loss:0.132 
train overall_acc:0.961 
train per_class_acc: [0.99019516 0.07400119 0.02390957 0.03578202 0.54240614 0.21928851
 0.45388347 0.4543893  0.24333522 0.032358   0.49832222 0.29823595]
train per_class_iou: [0.9659087  0.05695357 0.02043347 0.02915285 0.49203837 0.16436797
 0.3892275  0.36984146 0.18518296 0.02559589 0.31387994 0.21877435]
train mIOU:0.269
epoch 20 val_loss:0.118 
val overall_acc:0.954 
val per_class_acc: [0.97819656 0.11674132 0.04617171 0.04058942 0.569268   0.3235394
 0.43765464 0.50813746 0.18848766 0.03215878 0.582626   0.21606429]
vak per_class_iou: [0.95962316 0.08552051 0.03700311 0.03301844 0.52018034 0.23674086
 0.3927701  0.38171783 0.13766532 0.02901728 0.35000733 0.18914708]
val mIOU:0.279

epoch 21 train_loss:0.126 
train overall_acc:0.963 
train per_class_acc: [0.99031836 0.08560806 0.02349731 0.0393655  0.59048694 0.25672552
 0.4480819  0.46379542 0.25308466 0.03923097 0.52824503 0.29245296]
train per_class_iou: [0.96762466 0.06593294 0.02049449 0.03250397 0.53615576 0.18884777
 0.38340044 0.37508747 0.19183062 0.03198138 0.33459947 0.20813943]
train mIOU:0.278
epoch 21 val_loss:0.116 
val overall_acc:0.953 
val per_class_acc: [0.97909737 0.04909398 0.01562438 0.03716418 0.5923588  0.2247238
 0.43646413 0.43491942 0.1424212  0.04073898 0.60871696 0.38237163]
vak per_class_iou: [0.958054   0.04354779 0.01452273 0.03151192 0.52249366 0.19461189
 0.37952164 0.3797039  0.12360887 0.03355675 0.34967503 0.32253763]
val mIOU:0.279

epoch 22 train_loss:0.125 
train overall_acc:0.963 
train per_class_acc: [0.9903357  0.08469786 0.02504331 0.04658321 0.56513256 0.2484969
 0.4499488  0.46339834 0.24890761 0.04752844 0.5441001  0.33403087]
train per_class_iou: [0.967995   0.06450384 0.02139359 0.03726071 0.5148979  0.18428494
 0.38300756 0.37501475 0.18526906 0.03826073 0.34142947 0.22788243]
train mIOU:0.278
epoch 22 val_loss:0.118 
val overall_acc:0.954 
val per_class_acc: [0.979881   0.05833922 0.01739256 0.03061772 0.5337008  0.33233064
 0.45840853 0.4239136  0.11982879 0.04739489 0.55405015 0.5616518 ]
vak per_class_iou: [0.95837843 0.04936278 0.0160121  0.02646094 0.48692226 0.2509368
 0.4104002  0.37830943 0.10490084 0.03977747 0.38394198 0.38105008]
val mIOU:0.291

epoch 23 train_loss:0.120 
train overall_acc:0.964 
train per_class_acc: [0.990511   0.09429312 0.02453735 0.04595425 0.5653707  0.27341393
 0.45697853 0.4718484  0.26379892 0.05606975 0.5512208  0.34115532]
train per_class_iou: [0.96877766 0.07119595 0.0211654  0.03686707 0.51422757 0.20063445
 0.3929976  0.38360977 0.19440553 0.04423803 0.35752025 0.24432024]
train mIOU:0.286
epoch 23 val_loss:0.119 
val overall_acc:0.952 
val per_class_acc: [0.97547954 0.14619657 0.02468    0.07641705 0.5750721  0.28756914
 0.40463436 0.52542096 0.23765925 0.08964729 0.4936718  0.5601782 ]
vak per_class_iou: [0.9574198  0.10125124 0.02172875 0.05749518 0.4981378  0.22595972
 0.3606493  0.3801961  0.1608432  0.06690644 0.35717162 0.39689958]
val mIOU:0.299

epoch 24 train_loss:0.120 
train overall_acc:0.964 
train per_class_acc: [0.99051565 0.08989186 0.02409162 0.05140243 0.58539    0.2608277
 0.47119892 0.47110334 0.2549264  0.06012722 0.5366853  0.3237642 ]
train per_class_iou: [0.9690333  0.06792954 0.02090264 0.04072143 0.53708416 0.19316252
 0.411531   0.37893707 0.19103368 0.0461699  0.34383854 0.22520661]
train mIOU:0.285
epoch 24 val_loss:0.114 
val overall_acc:0.954 
val per_class_acc: [0.97771925 0.09804638 0.0228535  0.06852364 0.58252734 0.29679558
 0.5027413  0.45625982 0.24626821 0.11287431 0.4276192  0.32758144]
vak per_class_iou: [0.95922446 0.0777251  0.02063672 0.05219009 0.5191642  0.23210008
 0.39288476 0.38464078 0.15320535 0.07685157 0.33390468 0.26406437]
val mIOU:0.289

epoch 25 train_loss:0.120 
train overall_acc:0.964 
train per_class_acc: [0.9904029  0.0960013  0.02686868 0.05240408 0.58982193 0.30580652
 0.44765642 0.47597262 0.2468636  0.07441017 0.5710822  0.31705496]
train per_class_iou: [0.96894205 0.07119051 0.02314118 0.041508   0.5385987  0.22547625
 0.38003436 0.385225   0.18354075 0.0543197  0.3631723  0.23516028]
train mIOU:0.289
epoch 25 val_loss:0.132 
val overall_acc:0.948 
val per_class_acc: [0.9700136  0.03577732 0.02415676 0.04787847 0.67662543 0.39168587
 0.55138594 0.51049644 0.1809931  0.1072537  0.54373246 0.31775004]
vak per_class_iou: [0.95459753 0.03269175 0.02172489 0.03745598 0.5574295  0.24203736
 0.36228636 0.3828227  0.13970207 0.07829344 0.3571138  0.26896736]
val mIOU:0.286

epoch 26 train_loss:0.115 
train overall_acc:0.965 
train per_class_acc: [0.9904847  0.10443382 0.02353578 0.05809445 0.5841239  0.30434364
 0.47909656 0.49036175 0.28431275 0.08475162 0.5751386  0.32080075]
train per_class_iou: [0.96990913 0.07770184 0.02033105 0.04555969 0.5372177  0.22524495
 0.4124739  0.39779505 0.21717514 0.06053926 0.3814959  0.22292922]
train mIOU:0.297
epoch 26 val_loss:0.138 
val overall_acc:0.949 
val per_class_acc: [0.9807569  0.06697801 0.0207509  0.01724031 0.40764824 0.06819425
 0.4390596  0.4942981  0.2138583  0.05035021 0.45703557 0.53312266]
vak per_class_iou: [0.95166314 0.05504317 0.01852189 0.01623387 0.39085123 0.0665946
 0.4053946  0.3825602  0.14770125 0.04254399 0.34435168 0.3836732 ]
val mIOU:0.267

epoch 27 train_loss:0.114 
train overall_acc:0.965 
train per_class_acc: [0.9905809  0.11329847 0.02725068 0.06070555 0.6001986  0.32560655
 0.47841904 0.49092886 0.27971563 0.0884112  0.57261354 0.3100502 ]
train per_class_iou: [0.97046936 0.08512399 0.02312532 0.04771968 0.5515696  0.23750818
 0.41257873 0.39790434 0.209675   0.0645853  0.37847444 0.21294819]
train mIOU:0.299
epoch 27 val_loss:0.109 
val overall_acc:0.956 
val per_class_acc: [0.97841245 0.11310412 0.04191052 0.06497046 0.63745975 0.39264497
 0.42723796 0.47957277 0.23425423 0.10831134 0.6199331  0.08002326]
vak per_class_iou: [0.9610489  0.08970446 0.03521429 0.05041912 0.581355   0.29133722
 0.4009495  0.376207   0.16724439 0.07492908 0.34384257 0.06155236]
val mIOU:0.286

epoch 28 train_loss:0.106 
train overall_acc:0.968 
train per_class_acc: [0.99116874 0.12120927 0.03007769 0.06954534 0.63857543 0.35787758
 0.49019837 0.49172807 0.28585294 0.10861753 0.6007661  0.34557745]
train per_class_iou: [0.97297764 0.09059003 0.02592309 0.05499486 0.58881277 0.26611406
 0.42697966 0.39579004 0.21493533 0.07601314 0.40497038 0.2423204 ]
train mIOU:0.313
epoch 28 val_loss:0.114 
val overall_acc:0.953 
val per_class_acc: [0.97692555 0.11826999 0.02427742 0.06475692 0.5600639  0.4037766
 0.50963575 0.47290295 0.27356002 0.14741848 0.5489882  0.4519541 ]
vak per_class_iou: [0.9590094  0.0927172  0.02196559 0.05207857 0.51247764 0.2789148
 0.40843546 0.4061776  0.16847211 0.09975863 0.37165892 0.36352074]
val mIOU:0.311

epoch 29 train_loss:0.111 
train overall_acc:0.966 
train per_class_acc: [0.9909436  0.11936176 0.03332258 0.06950048 0.60200167 0.3408612
 0.48324394 0.4885029  0.28411445 0.1070726  0.59684134 0.38420674]
train per_class_iou: [0.9713885  0.08891164 0.02862105 0.05421996 0.5478231  0.2534291
 0.41405588 0.39630473 0.21494211 0.07581068 0.40071985 0.29262203]
train mIOU:0.312
epoch 29 val_loss:0.132 
val overall_acc:0.952 
val per_class_acc: [0.9769422  0.03329263 0.0152824  0.01864844 0.6582091  0.39445743
 0.52718496 0.30748543 0.11628304 0.08146067 0.6885906  0.0986395 ]
vak per_class_iou: [0.9574071  0.03101229 0.01446395 0.01760713 0.57456106 0.2571656
 0.38283235 0.2861881  0.09574132 0.06150973 0.37297076 0.09548816]
val mIOU:0.262

epoch 30 train_loss:0.113 
train overall_acc:0.966 
train per_class_acc: [0.9908913  0.10633633 0.03265857 0.06786931 0.60588455 0.32711768
 0.51058894 0.4501171  0.25406995 0.0959948  0.59756553 0.3731442 ]
train per_class_iou: [0.9709317  0.07922022 0.027153   0.05296028 0.55502445 0.239919
 0.44001314 0.36875343 0.1866386  0.0661705  0.40769297 0.280599  ]
train mIOU:0.306
epoch 30 val_loss:0.109 
val overall_acc:0.956 
val per_class_acc: [0.9776982  0.15880911 0.05053562 0.06786279 0.56311977 0.4390006
 0.4787323  0.51165015 0.14089875 0.08813211 0.6188838  0.5727304 ]
vak per_class_iou: [0.96183044 0.11239286 0.04076488 0.05455419 0.53199905 0.28803748
 0.39225176 0.3973908  0.12363724 0.06609081 0.3981524  0.35119265]
val mIOU:0.310

