epoch 1 train_loss:1.240 
train overall_acc:0.870 
train per_class_acc: [0.93493414 0.03724757 0.02432526 0.06844043 0.09321772 0.0566295
 0.06761352 0.23482324 0.05971674 0.00121606 0.02889483 0.0172888 ]
train per_class_iou: [8.8375401e-01 1.9450082e-02 4.9398760e-03 1.1494910e-02 4.0687647e-02
 2.8364945e-02 2.9095165e-02 9.7729303e-02 4.6857856e-03 8.2229526e-05
 1.4254965e-02 6.0923873e-03]
train mIOU:0.095
epoch 1 val_loss:0.435 
val overall_acc:0.914 
val per_class_acc: [9.8170775e-01 2.6359566e-04 0.0000000e+00 0.0000000e+00 1.3182717e-03
 1.1689839e-03 1.7590462e-01 1.0007112e-02 0.0000000e+00 0.0000000e+00
 2.0468531e-03 0.0000000e+00]
vak per_class_iou: [9.1831487e-01 2.6083589e-04 0.0000000e+00 0.0000000e+00 1.1873752e-03
 1.1157653e-03 5.3928304e-02 9.3752919e-03 0.0000000e+00 0.0000000e+00
 1.9958266e-03 0.0000000e+00]
val mIOU:0.082

epoch 2 train_loss:0.356 
train overall_acc:0.922 
train per_class_acc: [9.9499416e-01 6.6690031e-04 9.0276393e-05 0.0000000e+00 4.6367720e-03
 2.0635720e-02 3.9370436e-02 2.6556736e-01 8.9246991e-05 0.0000000e+00
 1.8145846e-02 4.3874793e-04]
train per_class_iou: [9.2412281e-01 6.2313542e-04 8.8336448e-05 0.0000000e+00 3.8722472e-03
 1.2595213e-02 2.6919195e-02 1.8688788e-01 8.7179316e-05 0.0000000e+00
 1.3861968e-02 4.2197626e-04]
train mIOU:0.097
epoch 2 val_loss:0.318 
val overall_acc:0.916 
val per_class_acc: [9.8012584e-01 0.0000000e+00 0.0000000e+00 0.0000000e+00 3.7348974e-02
 1.2968768e-01 9.0765074e-02 3.6242157e-01 0.0000000e+00 0.0000000e+00
 4.0014062e-04 5.2831564e-03]
vak per_class_iou: [9.2032939e-01 0.0000000e+00 0.0000000e+00 0.0000000e+00 2.8967654e-02
 7.8782752e-02 6.1068524e-02 2.8433180e-01 0.0000000e+00 0.0000000e+00
 3.9757055e-04 5.2224239e-03]
val mIOU:0.115

epoch 3 train_loss:0.325 
train overall_acc:0.923 
train per_class_acc: [9.9367881e-01 6.8629785e-03 4.6726182e-04 7.4320688e-04 2.0232238e-02
 3.9250668e-02 6.5797150e-02 3.1872880e-01 7.6526153e-04 0.0000000e+00
 3.1137021e-02 5.3093378e-02]
train per_class_iou: [9.2565149e-01 6.1564371e-03 4.4481159e-04 7.1196037e-04 1.3409273e-02
 2.3712538e-02 4.8878506e-02 2.4037577e-01 7.2712108e-04 0.0000000e+00
 2.1252599e-02 4.2562846e-02]
train mIOU:0.110
epoch 3 val_loss:0.325 
val overall_acc:0.914 
val per_class_acc: [9.7627354e-01 3.9867625e-02 1.1732211e-02 5.2857667e-04 7.0026644e-02
 1.0441229e-02 1.5694369e-01 3.9532274e-01 7.6059269e-04 0.0000000e+00
 3.0177008e-02 5.0978178e-01]
vak per_class_iou: [9.2054164e-01 3.2052599e-02 1.0542744e-02 5.1671703e-04 4.5863919e-02
 9.7201401e-03 8.0800183e-02 2.9067433e-01 7.2982244e-04 0.0000000e+00
 2.7278231e-02 1.9021752e-01]
val mIOU:0.134

epoch 4 train_loss:0.304 
train overall_acc:0.924 
train per_class_acc: [9.9289531e-01 2.7909109e-02 3.8406621e-03 4.0752042e-04 3.3092242e-02
 3.5593413e-02 1.1842172e-01 3.4928867e-01 1.3051449e-02 0.0000000e+00
 9.8443396e-02 1.4124057e-01]
train per_class_iou: [9.28362787e-01 2.19461918e-02 3.57691268e-03 3.94705043e-04
 2.41617188e-02 2.51578670e-02 8.72938409e-02 2.76505440e-01
 9.68642067e-03 0.00000000e+00 6.23599105e-02 1.04352124e-01]
train mIOU:0.129
epoch 4 val_loss:0.310 
val overall_acc:0.917 
val per_class_acc: [9.78567660e-01 9.98276100e-02 4.77121677e-03 2.79570842e-04
 5.56940287e-02 1.54666575e-02 1.22293100e-01 3.70289057e-01
 1.97020993e-02 0.00000000e+00 2.75727451e-01 8.49279240e-02]
vak per_class_iou: [9.2385000e-01 5.8453556e-02 4.6091159e-03 2.7777359e-04 3.9073113e-02
 1.4031726e-02 8.5473523e-02 2.9620185e-01 1.8204892e-02 0.0000000e+00
 1.5286139e-01 7.3740818e-02]
val mIOU:0.139

epoch 5 train_loss:0.273 
train overall_acc:0.927 
train per_class_acc: [0.9914014  0.04390993 0.00906622 0.00178008 0.07188532 0.02864723
 0.17648886 0.3462893  0.02067254 0.         0.14974149 0.19229235]
train per_class_iou: [0.931945   0.03279235 0.00825195 0.00171498 0.05515525 0.02104512
 0.1340853  0.2787538  0.01667781 0.         0.09410202 0.13390599]
train mIOU:0.142
epoch 5 val_loss:0.246 
val overall_acc:0.918 
val per_class_acc: [9.8105776e-01 6.1073709e-02 5.8106910e-03 6.4184098e-03 3.7196729e-02
 6.2051542e-02 1.1350987e-01 4.3504006e-01 6.4482898e-02 2.0449897e-05
 2.7885205e-01 1.0364224e-01]
vak per_class_iou: [9.2303032e-01 4.4913758e-02 5.4950123e-03 6.0649374e-03 3.4213103e-02
 5.0778728e-02 8.8157773e-02 3.2429901e-01 5.9291229e-02 2.0449897e-05
 1.5585235e-01 8.5311063e-02]
val mIOU:0.148

epoch 6 train_loss:0.242 
train overall_acc:0.932 
train per_class_acc: [0.9898142  0.05202605 0.00682645 0.00691234 0.17058086 0.04561526
 0.20906098 0.36010373 0.05021265 0.00165735 0.16473438 0.2471005 ]
train per_class_iou: [0.9368871  0.03806199 0.00620967 0.00616574 0.13757539 0.03321133
 0.16173464 0.29446527 0.04033769 0.00149481 0.10164961 0.15782207]
train mIOU:0.160
epoch 6 val_loss:0.302 
val overall_acc:0.898 
val per_class_acc: [9.4156522e-01 1.9206312e-02 2.0671224e-03 2.1682147e-04 2.5450304e-01
 4.0536863e-03 5.3367496e-01 2.2221610e-01 1.0588733e-05 0.0000000e+00
 5.7866059e-02 6.0647957e-02]
vak per_class_iou: [9.0968949e-01 1.7434036e-02 2.0293028e-03 2.1551330e-04 1.7470911e-01
 3.8398050e-03 1.5533185e-01 2.0934598e-01 1.0558548e-05 0.0000000e+00
 5.1056080e-02 5.6142289e-02]
val mIOU:0.132

epoch 7 train_loss:0.222 
train overall_acc:0.937 
train per_class_acc: [0.9892407  0.04831852 0.00956533 0.00843476 0.2680298  0.04749542
 0.26326782 0.3806489  0.05899568 0.00481705 0.18182373 0.28660116]
train per_class_iou: [0.94213885 0.03758667 0.00869075 0.00760888 0.21416728 0.03605709
 0.20938182 0.31237668 0.04926294 0.00440511 0.11781124 0.17805088]
train mIOU:0.176
epoch 7 val_loss:0.194 
val overall_acc:0.934 
val per_class_acc: [0.97598535 0.04001189 0.00281459 0.00903991 0.37789327 0.06802083
 0.21993333 0.42216858 0.02151867 0.00101099 0.21133207 0.31821832]
vak per_class_iou: [0.9403462  0.03313082 0.00274863 0.00830807 0.29864344 0.05284692
 0.20159659 0.3368521  0.02089798 0.00100237 0.15473117 0.17239131]
val mIOU:0.185

epoch 8 train_loss:0.204 
train overall_acc:0.942 
train per_class_acc: [0.98928094 0.05045101 0.01306537 0.00871867 0.33036667 0.05650439
 0.28165    0.3791854  0.08209306 0.00966386 0.21427765 0.25831944]
train per_class_iou: [0.94826454 0.03835965 0.01152632 0.00787279 0.27017617 0.04170588
 0.22489826 0.30752856 0.06820478 0.00830709 0.1347258  0.16489063]
train mIOU:0.186
epoch 8 val_loss:0.164 
val overall_acc:0.942 
val per_class_acc: [0.9758209  0.05624624 0.00398076 0.00352963 0.5370844  0.20907868
 0.34682363 0.39779967 0.05758829 0.00574614 0.32351515 0.17229965]
vak per_class_iou: [0.9504461  0.04431572 0.00384546 0.0034149  0.43724814 0.14059593
 0.28325745 0.33524498 0.05381996 0.00538004 0.20116405 0.13404602]
val mIOU:0.216

epoch 9 train_loss:0.181 
train overall_acc:0.949 
train per_class_acc: [0.98944515 0.05296943 0.0147481  0.0096076  0.42557043 0.10011449
 0.34822243 0.40704292 0.10502133 0.0153269  0.26535165 0.310096  ]
train per_class_iou: [0.9538382  0.0404832  0.01330344 0.00862381 0.3682821  0.07100901
 0.2822009  0.3318935  0.08576319 0.01305063 0.17056291 0.20563638]
train mIOU:0.212
epoch 9 val_loss:0.153 
val overall_acc:0.946 
val per_class_acc: [0.9768606  0.0810793  0.02882665 0.01772033 0.48187792 0.18540117
 0.43911043 0.43823346 0.15931132 0.02563206 0.34839073 0.45762286]
vak per_class_iou: [0.9533212  0.06101761 0.02465231 0.01575123 0.43937552 0.13406673
 0.3260862  0.33269653 0.13259743 0.02155781 0.19766603 0.22977753]
val mIOU:0.239

epoch 10 train_loss:0.167 
train overall_acc:0.952 
train per_class_acc: [0.98945004 0.06358013 0.01552793 0.01336882 0.47375473 0.12979026
 0.39185727 0.4033691  0.14073831 0.01978367 0.28995204 0.26360548]
train per_class_iou: [0.95776457 0.04750853 0.01387889 0.01169182 0.4200639  0.09007057
 0.32404265 0.32796985 0.1173884  0.01672941 0.18074524 0.18835336]
train mIOU:0.225
epoch 10 val_loss:0.180 
val overall_acc:0.933 
val per_class_acc: [0.97665066 0.0254521  0.01375464 0.01293392 0.26143914 0.02213257
 0.43618032 0.41309935 0.11148801 0.04428555 0.28824255 0.28658813]
vak per_class_iou: [0.9368836  0.02278865 0.01276059 0.01213938 0.25260127 0.02019495
 0.26992616 0.3621333  0.10351891 0.03638993 0.22233978 0.19520189]
val mIOU:0.204

epoch 11 train_loss:0.166 
train overall_acc:0.953 
train per_class_acc: [0.9890936  0.06317289 0.01563704 0.01373903 0.46920893 0.14022477
 0.36560544 0.41039672 0.16010508 0.01734653 0.3202524  0.28419098]
train per_class_iou: [0.957552   0.04804886 0.01402261 0.0121661  0.41176137 0.1005371
 0.29445454 0.33479562 0.12504932 0.01413554 0.19445895 0.19389415]
train mIOU:0.225
epoch 11 val_loss:0.155 
val overall_acc:0.947 
val per_class_acc: [0.9740702  0.03199454 0.01864804 0.0039535  0.5478001  0.17817958
 0.47148806 0.34333533 0.14563371 0.0063134  0.43487844 0.06959877]
vak per_class_iou: [0.95208293 0.02852096 0.01667156 0.00382076 0.43506643 0.14558692
 0.33300003 0.2999576  0.13081066 0.00612621 0.26411733 0.06452896]
val mIOU:0.223

epoch 12 train_loss:0.159 
train overall_acc:0.954 
train per_class_acc: [0.9894897  0.06140229 0.019892   0.01423153 0.4708393  0.1301868
 0.40076524 0.42262405 0.1623074  0.02241571 0.36257657 0.2570944 ]
train per_class_iou: [0.9589795  0.04665132 0.01723444 0.01244527 0.41832834 0.09436224
 0.33340126 0.3449006  0.12208408 0.0165122  0.22105356 0.18313415]
train mIOU:0.231
epoch 12 val_loss:0.156 
val overall_acc:0.943 
val per_class_acc: [0.97018284 0.0918273  0.04201453 0.02009485 0.51106524 0.20871481
 0.43457502 0.4741682  0.2590824  0.01181151 0.422814   0.37037504]
vak per_class_iou: [0.9503391  0.06810213 0.03377106 0.01784285 0.4652334  0.1527553
 0.2593333  0.3681273  0.18081805 0.0112344  0.22438605 0.2082784 ]
val mIOU:0.245

epoch 13 train_loss:0.152 
train overall_acc:0.956 
train per_class_acc: [0.9895098  0.0777503  0.01918349 0.0170346  0.4893077  0.18314753
 0.39339334 0.42434877 0.16968195 0.0359156  0.41450423 0.3078477 ]
train per_class_iou: [0.960896   0.05817716 0.01680185 0.01499195 0.44058406 0.13475502
 0.32056013 0.34417728 0.13169995 0.02789594 0.2557542  0.21745011]
train mIOU:0.244
epoch 13 val_loss:0.143 
val overall_acc:0.949 
val per_class_acc: [0.9804653  0.02130655 0.01783092 0.01013293 0.4960108  0.3514324
 0.31334543 0.4502018  0.22647102 0.03768248 0.3630251  0.44926077]
vak per_class_iou: [0.9544399  0.01939609 0.01596951 0.00931823 0.4719884  0.21768141
 0.28152853 0.36035052 0.17270465 0.03170649 0.2758493  0.27412876]
val mIOU:0.257

epoch 14 train_loss:0.148 
train overall_acc:0.958 
train per_class_acc: [0.9901707  0.07154687 0.02552092 0.01877262 0.512867   0.18455596
 0.42187077 0.4404446  0.20615226 0.04710909 0.39766738 0.28916886]
train per_class_iou: [0.9630471  0.05356045 0.02165101 0.01617255 0.46110442 0.1303893
 0.35113034 0.36132315 0.16074206 0.03490922 0.24437508 0.21713392]
train mIOU:0.251
epoch 14 val_loss:0.158 
val overall_acc:0.944 
val per_class_acc: [0.9683     0.11347789 0.03064588 0.01821661 0.6657754  0.21430373
 0.40105307 0.43629503 0.20026046 0.04064226 0.35326955 0.45922872]
vak per_class_iou: [0.9531302  0.07951999 0.02599772 0.01550338 0.44601715 0.1443776
 0.29967818 0.36305484 0.16781059 0.03292737 0.25130224 0.2829556 ]
val mIOU:0.255

epoch 15 train_loss:0.139 
train overall_acc:0.960 
train per_class_acc: [0.9904414  0.07404915 0.02890641 0.01783525 0.52159107 0.22320956
 0.44299552 0.45262873 0.21436895 0.05627576 0.44895744 0.3708708 ]
train per_class_iou: [0.96467894 0.05650171 0.02450032 0.01572247 0.47492474 0.16655177
 0.37714973 0.36835414 0.16457732 0.04351965 0.2860718  0.26976258]
train mIOU:0.268
epoch 15 val_loss:0.165 
val overall_acc:0.943 
val per_class_acc: [0.97309417 0.05994389 0.02429792 0.00480386 0.5119644  0.20069718
 0.3884278  0.41354126 0.13785449 0.00942816 0.60609734 0.20411517]
vak per_class_iou: [0.9503464  0.04984304 0.02081924 0.00454313 0.37553945 0.16556825
 0.2940604  0.35979584 0.12592621 0.00877265 0.29338712 0.15483332]
val mIOU:0.234

epoch 16 train_loss:0.141 
train overall_acc:0.960 
train per_class_acc: [0.99034864 0.08238617 0.02684521 0.02310512 0.51362664 0.21139334
 0.44306242 0.4378013  0.22102083 0.05449612 0.45728198 0.2838866 ]
train per_class_iou: [0.9648628  0.06129012 0.02270937 0.01997911 0.4642299  0.15355866
 0.37480024 0.35456002 0.16583712 0.04056101 0.28264755 0.1972673 ]
train mIOU:0.259
epoch 16 val_loss:0.129 
val overall_acc:0.952 
val per_class_acc: [0.97821337 0.10741027 0.02056027 0.02223426 0.59308815 0.2411247
 0.47149938 0.40390146 0.20899591 0.05220666 0.43332204 0.2391874 ]
vak per_class_iou: [0.95682174 0.07907464 0.01843713 0.01957434 0.5346841  0.20035514
 0.35841605 0.3542375  0.17494282 0.04312178 0.332301   0.2094451 ]
val mIOU:0.273

epoch 17 train_loss:0.124 
train overall_acc:0.963 
train per_class_acc: [0.99086225 0.09269715 0.03410982 0.02715376 0.56285506 0.25205836
 0.4737787  0.45141366 0.2295008  0.07151833 0.4906445  0.35149252]
train per_class_iou: [0.96851623 0.06873531 0.0286399  0.02364859 0.514469   0.18283372
 0.4027387  0.37148815 0.17823699 0.05048563 0.31732285 0.26036173]
train mIOU:0.281
epoch 17 val_loss:0.122 
val overall_acc:0.954 
val per_class_acc: [0.9801302  0.16019727 0.04121242 0.02067878 0.5347832  0.2762271
 0.37764612 0.5450173  0.22190765 0.06729271 0.6431686  0.12942539]
vak per_class_iou: [0.9596274  0.10533612 0.03378384 0.01862827 0.50717396 0.23361264
 0.34795314 0.3950478  0.19141273 0.05194292 0.39290705 0.12102128]
val mIOU:0.280

epoch 18 train_loss:0.127 
train overall_acc:0.962 
train per_class_acc: [0.99061674 0.09067614 0.04085138 0.03036691 0.58791155 0.24684176
 0.48534617 0.45691678 0.22202656 0.08205537 0.49610198 0.37429565]
train per_class_iou: [0.967502   0.06703518 0.03326662 0.02613548 0.537247   0.18170473
 0.40738282 0.37207434 0.17477448 0.0567585  0.31265226 0.27672467]
train mIOU:0.284
epoch 18 val_loss:0.121 
val overall_acc:0.954 
val per_class_acc: [0.9782734  0.16272686 0.04295696 0.047796   0.6028459  0.40227738
 0.3850033  0.4850349  0.25707886 0.07068224 0.5356685  0.445828  ]
vak per_class_iou: [0.96067655 0.11226571 0.03553221 0.03749846 0.5497102  0.2860175
 0.32767186 0.37880605 0.20931298 0.05525534 0.36625335 0.27578363]
val mIOU:0.300

epoch 19 train_loss:0.121 
train overall_acc:0.964 
train per_class_acc: [0.9910702  0.10954615 0.03901206 0.03552245 0.56730735 0.2774105
 0.47099847 0.4694238  0.24257754 0.09215983 0.51078016 0.37509602]
train per_class_iou: [0.9697794  0.08076946 0.03241382 0.03008716 0.51490587 0.20439282
 0.40288422 0.38113624 0.18623477 0.0645744  0.32850945 0.2811028 ]
train mIOU:0.290
epoch 19 val_loss:0.119 
val overall_acc:0.953 
val per_class_acc: [0.9797337  0.17154957 0.0501552  0.05142364 0.5710904  0.27834287
 0.34770405 0.567843   0.20260324 0.10007419 0.37905362 0.5276781 ]
vak per_class_iou: [0.95879996 0.11913188 0.03971824 0.04127701 0.5304609  0.21384268
 0.33664972 0.39757365 0.17461023 0.07592104 0.30198592 0.32342976]
val mIOU:0.293

epoch 20 train_loss:0.123 
train overall_acc:0.963 
train per_class_acc: [0.9907553  0.10401207 0.04279056 0.03851186 0.57502383 0.27162796
 0.48135656 0.4850085  0.23805608 0.09154154 0.5435534  0.37614658]
train per_class_iou: [0.9687238  0.07688712 0.0353535  0.03236521 0.52955043 0.20334604
 0.40379018 0.3916602  0.18015441 0.06395967 0.3448416  0.2719558 ]
train mIOU:0.292
epoch 20 val_loss:0.120 
val overall_acc:0.954 
val per_class_acc: [0.98135734 0.06066038 0.03585187 0.01775518 0.53734463 0.24849476
 0.3855141  0.40415817 0.21289757 0.08850043 0.503936   0.4263236 ]
vak per_class_iou: [0.9574064  0.05302982 0.03103506 0.01643489 0.51303536 0.22617011
 0.3451596  0.3504192  0.17956404 0.06818642 0.39080095 0.31395605]
val mIOU:0.287

epoch 21 train_loss:0.117 
train overall_acc:0.965 
train per_class_acc: [0.99108887 0.11506213 0.04440478 0.03857168 0.59390855 0.2888088
 0.5039526  0.48280737 0.258241   0.1045039  0.54096645 0.39149752]
train per_class_iou: [0.97035587 0.08408785 0.03665015 0.03265147 0.54320925 0.21679875
 0.43470833 0.38654968 0.20014137 0.07209246 0.3550868  0.27811092]
train mIOU:0.301
epoch 21 val_loss:0.116 
val overall_acc:0.955 
val per_class_acc: [0.9776195  0.14785671 0.09927636 0.06016279 0.6209972  0.3802398
 0.45921734 0.5636806  0.21536556 0.10496105 0.4997508  0.54595435]
vak per_class_iou: [0.9607975  0.11232222 0.07229476 0.04796747 0.5667465  0.30327982
 0.35535136 0.3779639  0.19033627 0.07945606 0.3835741  0.344354  ]
val mIOU:0.316

epoch 22 train_loss:0.113 
train overall_acc:0.966 
train per_class_acc: [0.99137086 0.12240589 0.05104276 0.04649596 0.5978228  0.3213236
 0.5203512  0.47479036 0.26186782 0.10914467 0.5584636  0.41279826]
train per_class_iou: [0.9717809  0.0894457  0.0412282  0.03855987 0.5471369  0.24493359
 0.45269236 0.38130578 0.19986758 0.07412215 0.374732   0.29383457]
train mIOU:0.309
epoch 22 val_loss:0.112 
val overall_acc:0.955 
val per_class_acc: [0.97876626 0.24354456 0.05598809 0.07025622 0.6046196  0.33886898
 0.41807705 0.5387866  0.2915383  0.12719566 0.47932345 0.34442648]
vak per_class_iou: [0.96123797 0.15399304 0.04488112 0.05503941 0.5544863  0.2620941
 0.37026778 0.3918578  0.22660308 0.08870637 0.37889013 0.25763413]
val mIOU:0.312

epoch 23 train_loss:0.109 
train overall_acc:0.967 
train per_class_acc: [0.9912648  0.12635167 0.05263272 0.05206884 0.61692095 0.32142675
 0.519741   0.49304318 0.26498118 0.13294664 0.5741433  0.42054033]
train per_class_iou: [0.9723725  0.09204911 0.04267007 0.04340703 0.56671625 0.24378625
 0.45386526 0.39483112 0.20192428 0.08871539 0.38501295 0.31098694]
train mIOU:0.316
epoch 23 val_loss:0.113 
val overall_acc:0.955 
val per_class_acc: [0.9802401  0.07900297 0.01819888 0.04402412 0.62119704 0.35827556
 0.39928702 0.4931187  0.26059443 0.08737686 0.472884   0.40555206]
vak per_class_iou: [0.9595076  0.06754844 0.0170562  0.03835291 0.5698238  0.27965027
 0.3631897  0.4056098  0.21189958 0.07040071 0.37083837 0.30013853]
val mIOU:0.305

epoch 24 train_loss:0.109 
train overall_acc:0.967 
train per_class_acc: [0.99149865 0.13495521 0.04732526 0.0554556  0.58693606 0.33750427
 0.4988285  0.49365214 0.27504233 0.12989421 0.5566539  0.43599233]
train per_class_iou: [0.9723496  0.09841012 0.03885636 0.04523183 0.53794765 0.25242132
 0.43058586 0.39486742 0.21390851 0.08838379 0.37621078 0.3130648 ]
train mIOU:0.314
epoch 24 val_loss:0.125 
val overall_acc:0.952 
val per_class_acc: [0.9780411  0.11428504 0.04707177 0.05064288 0.5610873  0.41472927
 0.418119   0.5148661  0.25599468 0.16261077 0.6223696  0.42755705]
vak per_class_iou: [0.96012586 0.09197941 0.03881785 0.04338931 0.5164193  0.29138616
 0.31515065 0.41069636 0.19401012 0.09716085 0.3767743  0.2821229 ]
val mIOU:0.302

epoch 25 train_loss:0.112 
train overall_acc:0.966 
train per_class_acc: [0.9910863  0.12381449 0.0609837  0.05526424 0.58899814 0.31274918
 0.49974772 0.488054   0.26016325 0.12191506 0.5493953  0.482758  ]
train per_class_iou: [0.97140914 0.09033764 0.04913267 0.04525865 0.53487784 0.23563603
 0.4351022  0.38780212 0.19904643 0.0818559  0.36448938 0.34262624]
train mIOU:0.311
epoch 25 val_loss:0.121 
val overall_acc:0.955 
val per_class_acc: [0.9797432  0.17242941 0.03493041 0.05153881 0.58809763 0.30327168
 0.46842435 0.48577294 0.27730864 0.09910006 0.4638527  0.27951592]
vak per_class_iou: [0.9594862  0.1275651  0.03093881 0.04421318 0.53971994 0.2432812
 0.39554435 0.4157799  0.22218983 0.07631774 0.35985994 0.22202961]
val mIOU:0.303

epoch 26 train_loss:0.112 
train overall_acc:0.966 
train per_class_acc: [0.9910173  0.13856052 0.05911373 0.05558424 0.59621334 0.31053132
 0.49128076 0.48867762 0.25360763 0.13085163 0.57206595 0.44991222]
train per_class_iou: [0.9713346  0.10147554 0.04821255 0.0459094  0.54276824 0.23555398
 0.41709682 0.3925218  0.19415453 0.08614103 0.3973864  0.3314529 ]
train mIOU:0.314
epoch 26 val_loss:0.107 
val overall_acc:0.957 
val per_class_acc: [0.97987634 0.12888238 0.0531542  0.08922319 0.5702577  0.3706452
 0.48269767 0.5265215  0.25702074 0.17739388 0.6219703  0.2864584 ]
vak per_class_iou: [0.961805   0.10102744 0.0436933  0.06946728 0.5197633  0.29724103
 0.415024   0.41236392 0.21966802 0.12054544 0.44193593 0.24459477]
val mIOU:0.321

epoch 27 train_loss:0.100 
train overall_acc:0.969 
train per_class_acc: [0.9918388  0.15315941 0.06719683 0.06396054 0.61973035 0.36213508
 0.54037666 0.5151678  0.2916062  0.1373412  0.6115916  0.5199025 ]
train per_class_iou: [0.97479373 0.11304724 0.05412736 0.0529625  0.5676264  0.27681947
 0.470958   0.40928242 0.22519717 0.09171864 0.4181737  0.38159174]
train mIOU:0.336
epoch 27 val_loss:0.115 
val overall_acc:0.953 
val per_class_acc: [0.97607416 0.21010084 0.10500802 0.05449447 0.6144758  0.24886228
 0.5672452  0.46072522 0.21468137 0.15916823 0.53804666 0.5395895 ]
vak per_class_iou: [0.9587325  0.14866512 0.07748648 0.04674182 0.55485857 0.21353759
 0.3616927  0.3932034  0.18394819 0.1093713  0.44098192 0.3732312 ]
val mIOU:0.322

epoch 28 train_loss:0.103 
train overall_acc:0.968 
train per_class_acc: [0.99145156 0.15463807 0.05632718 0.06593104 0.64941186 0.364225
 0.52778566 0.5011722  0.2743752  0.15116169 0.6096119  0.5130977 ]
train per_class_iou: [0.9739412  0.11173247 0.04512768 0.05392228 0.5941214  0.2784902
 0.45597824 0.3978455  0.21408771 0.09808684 0.4247926  0.35780853]
train mIOU:0.334
epoch 28 val_loss:0.116 
val overall_acc:0.955 
val per_class_acc: [0.9807499  0.09451254 0.03647996 0.05037856 0.58134824 0.38675824
 0.46319607 0.4253816  0.25718758 0.14967273 0.43911627 0.25798714]
vak per_class_iou: [0.96012557 0.07935541 0.03285883 0.0440534  0.53208244 0.29233086
 0.39054665 0.3807379  0.21248785 0.1030245  0.34394613 0.21449605]
val mIOU:0.299

epoch 29 train_loss:0.095 
train overall_acc:0.970 
train per_class_acc: [0.9918779  0.16373733 0.06632525 0.06845015 0.61267364 0.37941203
 0.54317456 0.5190347  0.29938504 0.14366448 0.615412   0.50535536]
train per_class_iou: [0.97594863 0.11920398 0.05291026 0.05586848 0.5593583  0.28686798
 0.4776401  0.41667497 0.22726642 0.09643101 0.42863035 0.37643853]
train mIOU:0.339
epoch 29 val_loss:0.123 
val overall_acc:0.951 
val per_class_acc: [0.9740099  0.07562459 0.06781831 0.06587865 0.6463204  0.38978857
 0.48507717 0.5719091  0.2503217  0.06788154 0.47087273 0.5222406 ]
vak per_class_iou: [0.9559107  0.06631722 0.05508329 0.05264431 0.5744187  0.28941804
 0.34995577 0.42078885 0.20767988 0.05760295 0.38223872 0.35005903]
val mIOU:0.314

epoch 30 train_loss:0.100 
train overall_acc:0.969 
train per_class_acc: [0.9915535  0.15783182 0.06809655 0.06634859 0.61345804 0.3742528
 0.54377764 0.5163688  0.26532462 0.14706972 0.6023431  0.5180843 ]
train per_class_iou: [0.97459203 0.11646046 0.05451075 0.05383229 0.5582045  0.28405598
 0.47036335 0.412949   0.20690687 0.09490793 0.41348395 0.36189246]
train mIOU:0.334
epoch 30 val_loss:0.111 
val overall_acc:0.956 
val per_class_acc: [0.9797808  0.16373919 0.08408474 0.0719563  0.5666798  0.39858714
 0.44147328 0.541667   0.33901972 0.15699628 0.56078666 0.53248066]
vak per_class_iou: [0.9617979  0.13090019 0.06544261 0.05806566 0.52875274 0.3152877
 0.37263176 0.40289396 0.20985624 0.10201665 0.4187703  0.322612  ]
val mIOU:0.324

