epoch 1 train_loss:1.215 
train overall_acc:0.878 
train per_class_acc: [0.9440599  0.04290938 0.01715088 0.10787826 0.0619307  0.02163523
 0.11073008 0.20022295 0.01371298 0.00228964 0.0302599  0.07677874]
train per_class_iou: [8.9236057e-01 2.2401955e-02 8.2576023e-03 1.6010553e-02 2.9286940e-02
 1.2217161e-02 4.1085385e-02 9.1769099e-02 2.9179300e-03 4.3758276e-04
 1.6649764e-02 2.9704811e-02]
train mIOU:0.097
epoch 1 val_loss:0.395 
val overall_acc:0.915 
val per_class_acc: [9.8302811e-01 1.5798436e-02 8.6515810e-04 5.5084513e-03 1.2393344e-02
 3.0005421e-03 1.9502491e-02 2.0285104e-01 7.9859446e-06 0.0000000e+00
 0.0000000e+00 4.3235701e-02]
vak per_class_iou: [9.1767049e-01 1.4330523e-02 8.5061439e-04 4.9160793e-03 1.0255674e-02
 2.4314029e-03 1.6753266e-02 1.5697764e-01 7.9859446e-06 0.0000000e+00
 0.0000000e+00 3.2901224e-02]
val mIOU:0.096

epoch 2 train_loss:0.398 
train overall_acc:0.920 
train per_class_acc: [9.94433641e-01 1.01106336e-04 9.05011530e-06 4.69438237e-04
 5.10572596e-03 3.71343449e-05 9.75298230e-03 4.52418439e-03
 0.00000000e+00 0.00000000e+00 0.00000000e+00 0.00000000e+00]
train per_class_iou: [9.2045110e-01 9.3400304e-05 8.9899368e-06 3.9715105e-04 2.1126128e-03
 3.4646924e-05 4.6456973e-03 3.8402954e-03 0.0000000e+00 0.0000000e+00
 0.0000000e+00 0.0000000e+00]
train mIOU:0.078
epoch 2 val_loss:0.339 
val overall_acc:0.914 
val per_class_acc: [9.8197496e-01 0.0000000e+00 0.0000000e+00 8.6049935e-05 1.3727878e-06
 0.0000000e+00 1.3072449e-01 4.0831542e-04 0.0000000e+00 0.0000000e+00
 0.0000000e+00 0.0000000e+00]
vak per_class_iou: [9.1785789e-01 0.0000000e+00 0.0000000e+00 8.4547260e-05 1.3726938e-06
 0.0000000e+00 4.3129288e-02 4.0824802e-04 0.0000000e+00 0.0000000e+00
 0.0000000e+00 0.0000000e+00]
val mIOU:0.080

epoch 3 train_loss:0.345 
train overall_acc:0.921 
train per_class_acc: [9.9485010e-01 0.0000000e+00 0.0000000e+00 2.7628778e-03 3.3851422e-03
 1.9255763e-02 6.2366914e-02 4.5446041e-03 0.0000000e+00 0.0000000e+00
 8.3394769e-07 0.0000000e+00]
train per_class_iou: [9.2353356e-01 0.0000000e+00 0.0000000e+00 1.3308282e-03 2.3834412e-03
 1.1687946e-02 2.9149948e-02 4.0646265e-03 0.0000000e+00 0.0000000e+00
 8.3394769e-07 0.0000000e+00]
train mIOU:0.081
epoch 3 val_loss:0.307 
val overall_acc:0.915 
val per_class_acc: [9.8308724e-01 0.0000000e+00 0.0000000e+00 6.3038191e-05 0.0000000e+00
 2.8566502e-02 5.3833459e-02 4.5396652e-02 0.0000000e+00 0.0000000e+00
 2.6602820e-05 5.8295706e-04]
vak per_class_iou: [9.1655481e-01 0.0000000e+00 0.0000000e+00 6.2068291e-05 0.0000000e+00
 1.8384431e-02 4.0549167e-02 4.4307478e-02 0.0000000e+00 0.0000000e+00
 2.6602820e-05 5.8279868e-04]
val mIOU:0.085

epoch 4 train_loss:0.310 
train overall_acc:0.922 
train per_class_acc: [9.94270504e-01 0.00000000e+00 0.00000000e+00 1.01014724e-04
 6.42297743e-03 6.79462403e-02 1.04631171e-01 7.06919432e-02
 0.00000000e+00 0.00000000e+00 1.25437332e-02 1.32811908e-03]
train per_class_iou: [9.2561102e-01 0.0000000e+00 0.0000000e+00 9.7349635e-05 4.1799690e-03
 3.6414433e-02 6.6744544e-02 5.5422921e-02 0.0000000e+00 0.0000000e+00
 7.4188816e-03 1.2678575e-03]
train mIOU:0.091
epoch 4 val_loss:0.280 
val overall_acc:0.916 
val per_class_acc: [9.8121488e-01 0.0000000e+00 0.0000000e+00 0.0000000e+00 4.0674707e-04
 2.0229436e-02 1.4738855e-01 2.2264284e-01 0.0000000e+00 0.0000000e+00
 1.9995710e-01 3.6638297e-02]
vak per_class_iou: [9.1975290e-01 0.0000000e+00 0.0000000e+00 0.0000000e+00 4.0490163e-04
 1.8182479e-02 8.5296370e-02 1.7566057e-01 0.0000000e+00 0.0000000e+00
 1.1674774e-01 3.3422451e-02]
val mIOU:0.112

epoch 5 train_loss:0.288 
train overall_acc:0.924 
train per_class_acc: [9.9308020e-01 0.0000000e+00 0.0000000e+00 0.0000000e+00 2.7421085e-02
 5.8193512e-02 1.3296120e-01 1.6840985e-01 3.2720370e-06 0.0000000e+00
 1.1080383e-01 3.7829258e-02]
train per_class_iou: [9.2818707e-01 0.0000000e+00 0.0000000e+00 0.0000000e+00 2.0017887e-02
 3.6718015e-02 9.3901128e-02 1.2715888e-01 3.2720370e-06 0.0000000e+00
 6.5393500e-02 2.8611096e-02]
train mIOU:0.108
epoch 5 val_loss:0.257 
val overall_acc:0.918 
val per_class_acc: [0.98248905 0.         0.         0.         0.03653146 0.02372113
 0.07381504 0.31714687 0.         0.         0.15138218 0.06835981]
vak per_class_iou: [0.9213796  0.         0.         0.         0.02968681 0.02103038
 0.06216652 0.25693977 0.         0.         0.10442875 0.05819285]
val mIOU:0.121

epoch 6 train_loss:0.259 
train overall_acc:0.927 
train per_class_acc: [9.9107826e-01 2.9684999e-05 0.0000000e+00 1.0684332e-05 6.7921996e-02
 3.5723720e-02 1.7979817e-01 3.1123453e-01 0.0000000e+00 0.0000000e+00
 1.8442169e-01 6.9217809e-02]
train per_class_iou: [9.3204242e-01 2.9672254e-05 0.0000000e+00 1.0684332e-05 5.0525364e-02
 2.4950901e-02 1.3442929e-01 2.3609780e-01 0.0000000e+00 0.0000000e+00
 1.0321046e-01 5.2757900e-02]
train mIOU:0.128
epoch 6 val_loss:0.277 
val overall_acc:0.917 
val per_class_acc: [9.82896090e-01 0.00000000e+00 0.00000000e+00 0.00000000e+00
 1.05180276e-04 2.95015852e-05 7.90544450e-02 4.20087963e-01
 0.00000000e+00 0.00000000e+00 7.61320964e-02 2.79355735e-01]
vak per_class_iou: [9.1929597e-01 0.0000000e+00 0.0000000e+00 0.0000000e+00 1.0517684e-04
 2.9497327e-05 6.9641359e-02 2.7886611e-01 0.0000000e+00 0.0000000e+00
 6.6903725e-02 1.7467397e-01]
val mIOU:0.126

epoch 7 train_loss:0.259 
train overall_acc:0.927 
train per_class_acc: [9.9034435e-01 5.1022315e-04 0.0000000e+00 1.1663330e-06 8.0078207e-02
 4.4878349e-02 1.8947093e-01 3.3070377e-01 0.0000000e+00 0.0000000e+00
 1.9958538e-01 8.4598511e-02]
train per_class_iou: [9.32383239e-01 5.05174510e-04 0.00000000e+00 1.16569140e-06
 5.84904142e-02 3.05853803e-02 1.37953147e-01 2.44398922e-01
 0.00000000e+00 0.00000000e+00 1.10524476e-01 5.91829121e-02]
train mIOU:0.131
epoch 7 val_loss:0.204 
val overall_acc:0.927 
val per_class_acc: [9.8029262e-01 5.3809944e-04 0.0000000e+00 0.0000000e+00 1.3456567e-01
 2.0740230e-03 2.7176410e-01 4.4913846e-01 0.0000000e+00 0.0000000e+00
 2.7573314e-01 1.4969847e-01]
vak per_class_iou: [9.33753312e-01 5.37552754e-04 0.00000000e+00 0.00000000e+00
 1.09335676e-01 2.03337008e-03 2.16651633e-01 3.25847507e-01
 0.00000000e+00 0.00000000e+00 1.69307917e-01 1.27660692e-01]
val mIOU:0.157

epoch 8 train_loss:0.221 
train overall_acc:0.936 
train per_class_acc: [9.8828244e-01 3.2887142e-03 4.7130568e-04 3.9367802e-05 2.5217846e-01
 2.8439427e-02 2.5754958e-01 3.9487946e-01 0.0000000e+00 0.0000000e+00
 1.9585703e-01 1.3934086e-01]
train per_class_iou: [9.4253647e-01 3.1491762e-03 4.6026119e-04 3.8563870e-05 1.9633190e-01
 2.3303792e-02 2.0314829e-01 2.9267997e-01 0.0000000e+00 0.0000000e+00
 1.1145011e-01 9.3446314e-02]
train mIOU:0.156
epoch 8 val_loss:0.212 
val overall_acc:0.928 
val per_class_acc: [9.7966671e-01 4.6232759e-04 1.0423181e-05 4.3184431e-05 2.9176748e-01
 3.6791585e-02 5.2583333e-02 7.2407231e-02 0.0000000e+00 0.0000000e+00
 2.9665262e-01 0.0000000e+00]
vak per_class_iou: [9.3566042e-01 4.5924971e-04 1.0300782e-05 4.2743202e-05 2.4297330e-01
 3.3343412e-02 4.7921017e-02 7.1375772e-02 0.0000000e+00 0.0000000e+00
 1.7007376e-01 0.0000000e+00]
val mIOU:0.125

epoch 9 train_loss:0.217 
train overall_acc:0.939 
train per_class_acc: [9.8829150e-01 1.5398121e-02 1.1002346e-03 4.4184964e-04 3.0900636e-01
 3.2109175e-02 2.5066668e-01 3.7545481e-01 1.1836000e-05 0.0000000e+00
 2.2260204e-01 1.4429532e-01]
train per_class_iou: [9.4507277e-01 1.3296745e-02 1.0683993e-03 4.3329006e-04 2.5117037e-01
 2.3248855e-02 1.9979249e-01 2.8668979e-01 1.1792082e-05 0.0000000e+00
 1.3055603e-01 9.7486749e-02]
train mIOU:0.162
epoch 9 val_loss:0.176 
val overall_acc:0.938 
val per_class_acc: [9.7353417e-01 3.0814631e-02 1.7472564e-03 1.7338842e-05 5.0182039e-01
 2.1843649e-03 2.8681475e-01 4.4099191e-01 0.0000000e+00 0.0000000e+00
 3.7140304e-01 0.0000000e+00]
vak per_class_iou: [9.4721210e-01 2.6929164e-02 1.7140412e-03 1.7329796e-05 3.5625356e-01
 2.1611585e-03 2.3313533e-01 3.5717544e-01 0.0000000e+00 0.0000000e+00
 1.8149266e-01 0.0000000e+00]
val mIOU:0.176

epoch 10 train_loss:0.189 
train overall_acc:0.946 
train per_class_acc: [9.8836422e-01 3.5998598e-02 1.6769615e-03 1.6045088e-03 3.8493389e-01
 5.3306326e-02 3.1002548e-01 4.1000685e-01 1.4364651e-04 2.5049407e-05
 2.4172448e-01 1.3654056e-01]
train per_class_iou: [9.5211047e-01 2.8571531e-02 1.6194986e-03 1.5247214e-03 3.2228431e-01
 3.9193109e-02 2.4439283e-01 3.2309267e-01 1.3557654e-04 2.5026004e-05
 1.4741927e-01 9.6355230e-02]
train mIOU:0.180
epoch 10 val_loss:0.162 
val overall_acc:0.943 
val per_class_acc: [9.7607082e-01 1.5235951e-02 2.0569810e-03 5.0990831e-04 5.5170226e-01
 9.3681803e-03 3.5517150e-01 4.0928328e-01 0.0000000e+00 0.0000000e+00
 1.9883996e-01 6.5079994e-02]
vak per_class_iou: [9.4552207e-01 1.3945307e-02 2.0200426e-03 5.0466484e-04 4.8501605e-01
 8.8192243e-03 2.4620555e-01 3.3951858e-01 0.0000000e+00 0.0000000e+00
 1.5733378e-01 6.1661229e-02]
val mIOU:0.188

epoch 11 train_loss:0.177 
train overall_acc:0.949 
train per_class_acc: [9.8816377e-01 4.4983834e-02 3.3027462e-03 4.6257242e-03 4.5333230e-01
 6.7094170e-02 3.4996092e-01 4.0997404e-01 1.6409158e-03 3.4773507e-04
 2.8412297e-01 1.3992378e-01]
train per_class_iou: [9.5428425e-01 3.5266880e-02 3.1649773e-03 4.2474763e-03 3.8849494e-01
 5.5349056e-02 2.7751839e-01 3.3443716e-01 1.4988809e-03 3.2879232e-04
 1.7155707e-01 1.0025461e-01]
train mIOU:0.194
epoch 11 val_loss:0.163 
val overall_acc:0.942 
val per_class_acc: [9.7673965e-01 3.6210779e-02 4.1298824e-03 5.9750085e-03 4.5527568e-01
 7.3368706e-02 3.7163165e-01 4.1801485e-01 3.1984455e-03 1.0963897e-04
 2.1468915e-01 1.8638814e-02]
vak per_class_iou: [9.4755095e-01 3.1377159e-02 3.9936500e-03 5.6652320e-03 4.2598295e-01
 6.4346068e-02 2.5349134e-01 3.5288522e-01 3.0605597e-03 1.0888850e-04
 1.5402111e-01 1.6283516e-02]
val mIOU:0.188

epoch 12 train_loss:0.173 
train overall_acc:0.951 
train per_class_acc: [0.9887669  0.05073951 0.00727277 0.00787778 0.46272993 0.0964136
 0.36245352 0.40878716 0.02372761 0.00145899 0.32539222 0.17225362]
train per_class_iou: [0.95638764 0.03908315 0.0067405  0.00721178 0.40543637 0.07305087
 0.28011906 0.33082822 0.02021264 0.00133979 0.19343835 0.12503839]
train mIOU:0.203
epoch 12 val_loss:0.152 
val overall_acc:0.944 
val per_class_acc: [9.7897857e-01 6.0276497e-02 4.8646773e-03 1.6792119e-02 4.4807991e-01
 1.9799472e-01 3.6832431e-01 3.3258265e-01 1.1727209e-01 2.5325589e-04
 4.5173490e-01 2.8499183e-01]
vak per_class_iou: [9.5066983e-01 4.6683677e-02 4.6585952e-03 1.4666771e-02 4.2999172e-01
 1.3054803e-01 2.7613449e-01 3.1187806e-01 1.0525671e-01 2.5240236e-04
 2.3832868e-01 2.0764369e-01]
val mIOU:0.226

epoch 13 train_loss:0.160 
train overall_acc:0.954 
train per_class_acc: [0.98920214 0.05671851 0.01137294 0.00983199 0.5037553  0.10622334
 0.38471425 0.40817034 0.05010743 0.00228643 0.35645437 0.24851023]
train per_class_iou: [0.95956486 0.04313247 0.01022192 0.00888535 0.4414833  0.07734169
 0.3070169  0.3381975  0.04127787 0.00210564 0.21469949 0.17966133]
train mIOU:0.219
epoch 13 val_loss:0.160 
val overall_acc:0.941 
val per_class_acc: [0.9673316  0.07211677 0.01771227 0.0177645  0.6020553  0.13995653
 0.47095576 0.500398   0.16587049 0.00295867 0.34376976 0.36163437]
vak per_class_iou: [0.9502615  0.05807677 0.01561507 0.01519227 0.43625453 0.11066022
 0.255935   0.37370616 0.1369598  0.00287121 0.23214683 0.2253888 ]
val mIOU:0.234

epoch 14 train_loss:0.156 
train overall_acc:0.955 
train per_class_acc: [0.9894284  0.06043663 0.01191788 0.00987346 0.4993417  0.1321423
 0.39837897 0.4062543  0.08282702 0.00248206 0.348794   0.26368934]
train per_class_iou: [0.9608044  0.04629804 0.01062703 0.00879671 0.4444232  0.09536663
 0.3127968  0.33349457 0.06881883 0.00224686 0.2113497  0.1732713 ]
train mIOU:0.222
epoch 14 val_loss:0.168 
val overall_acc:0.937 
val per_class_acc: [0.98208416 0.0296161  0.00313825 0.00881096 0.26168635 0.14890271
 0.28356344 0.4705948  0.1492168  0.         0.48502296 0.19758387]
vak per_class_iou: [0.94225675 0.02517949 0.00302727 0.00828513 0.25996396 0.11473852
 0.26252604 0.37274203 0.13097201 0.         0.2625829  0.13346991]
val mIOU:0.210

epoch 15 train_loss:0.147 
train overall_acc:0.957 
train per_class_acc: [0.98977757 0.07542133 0.0130346  0.01522239 0.50922984 0.16851832
 0.42913976 0.4288021  0.13824387 0.0014479  0.43610832 0.29670358]
train per_class_iou: [0.96303236 0.05667462 0.01161062 0.01349696 0.46086946 0.123974
 0.34640703 0.35695967 0.10861098 0.00141379 0.26051205 0.21149069]
train mIOU:0.243
epoch 15 val_loss:0.129 
val overall_acc:0.952 
val per_class_acc: [0.97905743 0.10509836 0.02172891 0.01991015 0.61002326 0.12900813
 0.43642917 0.508295   0.1834262  0.00153473 0.64230645 0.17658606]
vak per_class_iou: [0.9587055  0.0757697  0.01868694 0.01737579 0.54333043 0.10948215
 0.3553339  0.38890466 0.14483096 0.00151835 0.36287516 0.13089627]
val mIOU:0.259

epoch 16 train_loss:0.143 
train overall_acc:0.959 
train per_class_acc: [0.9898881  0.08051901 0.01632882 0.01707286 0.55538404 0.20765637
 0.41742486 0.43319914 0.17707083 0.00449393 0.45126233 0.28630742]
train per_class_iou: [0.9642667  0.05959399 0.01439116 0.0150012  0.5042228  0.15090226
 0.34334025 0.3556278  0.1336786  0.00423567 0.27543902 0.21493705]
train mIOU:0.253
epoch 16 val_loss:0.140 
val overall_acc:0.949 
val per_class_acc: [0.9801147  0.02060853 0.02232698 0.00899455 0.5099366  0.18299222
 0.31201628 0.46679938 0.12226803 0.00123417 0.4772023  0.257854  ]
vak per_class_iou: [0.95263636 0.01934211 0.01962167 0.00823764 0.46708363 0.15366384
 0.27570283 0.36140865 0.11126334 0.00121426 0.32479233 0.21808939]
val mIOU:0.243

epoch 17 train_loss:0.142 
train overall_acc:0.959 
train per_class_acc: [0.98984    0.07612801 0.01844827 0.02045296 0.5670424  0.20282401
 0.4314416  0.43581483 0.17473651 0.0098691  0.47867963 0.2467572 ]
train per_class_iou: [0.9641024  0.05634535 0.01603379 0.01700347 0.50802034 0.1469246
 0.35291487 0.35767633 0.13281883 0.00891069 0.2908546  0.18512484]
train mIOU:0.253
epoch 17 val_loss:0.126 
val overall_acc:0.952 
val per_class_acc: [0.98040307 0.02475689 0.00732499 0.01602007 0.5577714  0.18143862
 0.40829936 0.47388998 0.13553923 0.00523034 0.27587086 0.3825839 ]
vak per_class_iou: [0.95549655 0.02267218 0.00696108 0.01447529 0.51649064 0.14322165
 0.34195563 0.38427204 0.1217505  0.00503079 0.21648343 0.25702378]
val mIOU:0.249

epoch 18 train_loss:0.136 
train overall_acc:0.961 
train per_class_acc: [0.99022907 0.08658574 0.01702167 0.02804301 0.553638   0.24079518
 0.43863782 0.45560107 0.19787964 0.01132446 0.5102977  0.2593951 ]
train per_class_iou: [0.96603006 0.06425172 0.0151056  0.02318808 0.50120384 0.17454605
 0.36848757 0.37013695 0.15222587 0.0102928  0.3145653  0.18515277]
train mIOU:0.262
epoch 18 val_loss:0.148 
val overall_acc:0.946 
val per_class_acc: [0.9748143  0.13478133 0.03713417 0.0476019  0.46025598 0.15681195
 0.45525292 0.5059849  0.29234    0.00439286 0.6031464  0.1911553 ]
vak per_class_iou: [0.952466   0.09211768 0.03085793 0.03693971 0.43501917 0.14299439
 0.31318337 0.38277695 0.1809342  0.00427328 0.31147596 0.15859932]
val mIOU:0.253

epoch 19 train_loss:0.135 
train overall_acc:0.960 
train per_class_acc: [0.990004   0.08803464 0.0166207  0.02911489 0.5662119  0.22087519
 0.4168671  0.44427368 0.2071144  0.02305503 0.52454364 0.23734005]
train per_class_iou: [0.96563035 0.06590521 0.01476934 0.02394472 0.5088635  0.16265798
 0.33593407 0.36584133 0.15407737 0.01945133 0.31715494 0.18566254]
train mIOU:0.260
epoch 19 val_loss:0.137 
val overall_acc:0.951 
val per_class_acc: [0.9776091  0.1325507  0.02090536 0.02353779 0.59156764 0.32050848
 0.3318563  0.45890817 0.25871068 0.01813693 0.53200907 0.46253866]
vak per_class_iou: [0.95625913 0.09077047 0.01836059 0.01955163 0.52327645 0.22019643
 0.3000328  0.39009294 0.20815176 0.01667839 0.30067673 0.2497999 ]
val mIOU:0.274

epoch 20 train_loss:0.124 
train overall_acc:0.963 
train per_class_acc: [0.99078906 0.10414518 0.01736723 0.04017772 0.5902407  0.2613958
 0.45344085 0.46737683 0.23229316 0.03053365 0.51784873 0.2674053 ]
train per_class_iou: [0.96890813 0.07499973 0.01557358 0.03194343 0.5319486  0.19278672
 0.37879407 0.38397837 0.17391601 0.02629247 0.32148093 0.19790795]
train mIOU:0.275
epoch 20 val_loss:0.127 
val overall_acc:0.952 
val per_class_acc: [0.9778275  0.05129211 0.00555209 0.02467719 0.62202775 0.22800486
 0.5231029  0.35493776 0.16143377 0.01356472 0.42073804 0.03077954]
vak per_class_iou: [0.9571434  0.04428472 0.00536383 0.02196161 0.52190137 0.1925678
 0.35613635 0.33352667 0.14803413 0.0129469  0.29969367 0.0305902 ]
val mIOU:0.244

epoch 21 train_loss:0.120 
train overall_acc:0.964 
train per_class_acc: [0.9909894  0.10433137 0.02015664 0.04719636 0.5918068  0.26338097
 0.48840865 0.46087795 0.24276863 0.03779308 0.5532301  0.31236485]
train per_class_iou: [0.96982336 0.07624912 0.01813244 0.03714436 0.5400663  0.19594018
 0.41908133 0.37580955 0.18354568 0.03174952 0.3452417  0.2347155 ]
train mIOU:0.286
epoch 21 val_loss:0.129 
val overall_acc:0.953 
val per_class_acc: [0.9812749  0.1202313  0.03250664 0.05498976 0.54303944 0.17345142
 0.35109025 0.49243215 0.28757846 0.0976814  0.51069236 0.36143032]
vak per_class_iou: [0.95726174 0.09012701 0.02809204 0.04232354 0.5086788  0.1531942
 0.3243058  0.3955559  0.19860488 0.0738693  0.3531094  0.2707999 ]
val mIOU:0.283

epoch 22 train_loss:0.118 
train overall_acc:0.965 
train per_class_acc: [0.99094796 0.10281694 0.02095178 0.04544812 0.5940287  0.2764457
 0.5032363  0.4573423  0.25520298 0.04735994 0.5544055  0.2749803 ]
train per_class_iou: [0.9699397  0.07675241 0.0186124  0.0356691  0.5432848  0.20362705
 0.4252087  0.37079734 0.19219947 0.03895672 0.34254062 0.20966002]
train mIOU:0.286
epoch 22 val_loss:0.127 
val overall_acc:0.952 
val per_class_acc: [0.9788172  0.17916663 0.01655843 0.04401632 0.5752822  0.16256551
 0.46335527 0.47620776 0.25375846 0.01797602 0.39717135 0.5867925 ]
vak per_class_iou: [0.9572335  0.11700548 0.015014   0.03408996 0.52521145 0.14335433
 0.388927   0.38492918 0.1989219  0.01664185 0.32549593 0.3184757 ]
val mIOU:0.285

epoch 23 train_loss:0.116 
train overall_acc:0.965 
train per_class_acc: [0.9908416  0.11783608 0.02331394 0.05425924 0.60260636 0.31088114
 0.4876171  0.46652368 0.27418044 0.06376687 0.5684438  0.3265357 ]
train per_class_iou: [0.97057766 0.08675941 0.02066973 0.04230556 0.5512796  0.2359447
 0.41501328 0.38296634 0.20045611 0.05114699 0.35925248 0.22944982]
train mIOU:0.295
epoch 23 val_loss:0.113 
val overall_acc:0.955 
val per_class_acc: [0.9807919  0.08726209 0.00702836 0.0266481  0.6251117  0.21452
 0.4235044  0.42417315 0.2871565  0.11299961 0.52822316 0.00166883]
vak per_class_iou: [0.9585653  0.06942527 0.00668889 0.02338859 0.56561124 0.19153483
 0.38526013 0.38681358 0.22531481 0.08398446 0.37641823 0.00166877]
val mIOU:0.273

epoch 24 train_loss:0.112 
train overall_acc:0.966 
train per_class_acc: [0.991112   0.12044117 0.02463191 0.06052158 0.6115857  0.31883493
 0.48563644 0.47682846 0.25789747 0.06833127 0.5658231  0.2972895 ]
train per_class_iou: [0.97162485 0.08747556 0.02203197 0.0467103  0.55732954 0.23899788
 0.41354758 0.39116982 0.18952753 0.05271903 0.36170435 0.22559011]
train mIOU:0.297
epoch 24 val_loss:0.144 
val overall_acc:0.946 
val per_class_acc: [0.9794267  0.18768743 0.03244714 0.06726837 0.40027854 0.32313472
 0.46095377 0.49173567 0.25942928 0.04392675 0.37904403 0.33135366]
vak per_class_iou: [0.951448   0.12418118 0.02816207 0.04869946 0.38015452 0.22507809
 0.3827919  0.42088804 0.20072792 0.03889213 0.29253343 0.26871052]
val mIOU:0.280

epoch 25 train_loss:0.109 
train overall_acc:0.967 
train per_class_acc: [0.9911249  0.12535089 0.02949206 0.05735664 0.62380445 0.3427249
 0.5120371  0.48477826 0.28248823 0.07309283 0.60119313 0.31030354]
train per_class_iou: [0.97254944 0.09243456 0.02573655 0.04474542 0.566556   0.25668496
 0.44029707 0.39305213 0.20472659 0.05686172 0.37844813 0.21884005]
train mIOU:0.304
epoch 25 val_loss:0.110 
val overall_acc:0.957 
val per_class_acc: [0.98120075 0.11795692 0.03062791 0.03941456 0.57655245 0.35770622
 0.3646545  0.5003835  0.23492925 0.06845631 0.6827193  0.19072227]
vak per_class_iou: [0.96121967 0.09278014 0.02694372 0.03397899 0.53529495 0.30411723
 0.34607294 0.38889173 0.19734319 0.05710318 0.438894   0.16754004]
val mIOU:0.296

epoch 26 train_loss:0.107 
train overall_acc:0.967 
train per_class_acc: [0.99121904 0.13791381 0.0356825  0.06067724 0.6139054  0.35332227
 0.5136366  0.4867318  0.28547856 0.08664159 0.60265344 0.3948587 ]
train per_class_iou: [0.97289336 0.10055149 0.03084954 0.048124   0.56129134 0.2679197
 0.4483869  0.39302614 0.20616516 0.06502783 0.3963237  0.27826896]
train mIOU:0.314
epoch 26 val_loss:0.115 
val overall_acc:0.956 
val per_class_acc: [0.981013   0.1448543  0.03116354 0.07426403 0.53142    0.43707034
 0.4432467  0.50869    0.3239445  0.06820007 0.6426219  0.4812562 ]
vak per_class_iou: [0.96110845 0.10895039 0.02806327 0.05780478 0.5171595  0.3214095
 0.41092965 0.41004175 0.2292925  0.05340309 0.4064553  0.27099735]
val mIOU:0.315

epoch 27 train_loss:0.106 
train overall_acc:0.968 
train per_class_acc: [0.9914635  0.14126135 0.03755119 0.06218659 0.6352002  0.35887656
 0.5224845  0.49871555 0.28906333 0.09542058 0.6159813  0.40372595]
train per_class_iou: [0.9735839  0.10165807 0.03241915 0.049616   0.58290935 0.27107635
 0.4499139  0.39896002 0.20951036 0.0722148  0.4067143  0.29214433]
train mIOU:0.320
epoch 27 val_loss:0.111 
val overall_acc:0.957 
val per_class_acc: [0.9814884  0.17280765 0.02802182 0.07672601 0.6018582  0.36169836
 0.4178994  0.44041583 0.35428    0.11148169 0.57468873 0.63235974]
vak per_class_iou: [0.96177214 0.12338269 0.0247695  0.06097344 0.573752   0.30186233
 0.39072138 0.39168918 0.22943875 0.0846993  0.43866608 0.28809637]
val mIOU:0.322

epoch 28 train_loss:0.101 
train overall_acc:0.969 
train per_class_acc: [0.9915846  0.14176992 0.04480223 0.06417114 0.6482056  0.37810206
 0.51623297 0.4899421  0.2788911  0.11152821 0.6192024  0.46560103]
train per_class_iou: [0.9744293  0.1029684  0.03777255 0.05040235 0.5903516  0.28965697
 0.44603723 0.39734057 0.20325737 0.08050744 0.42042938 0.32585344]
train mIOU:0.327
epoch 28 val_loss:0.106 
val overall_acc:0.958 
val per_class_acc: [0.9801042  0.21148731 0.05154864 0.10757098 0.6320545  0.42217252
 0.42897078 0.5322717  0.3415342  0.13697542 0.632975   0.39434257]
vak per_class_iou: [0.96358967 0.14908396 0.04464998 0.07870587 0.5908531  0.34464762
 0.39427134 0.39904386 0.22184356 0.09548806 0.42289627 0.30858424]
val mIOU:0.334

epoch 29 train_loss:0.101 
train overall_acc:0.969 
train per_class_acc: [0.99145    0.14835756 0.04675883 0.06281445 0.6527115  0.38984883
 0.5265494  0.49818906 0.28827646 0.10551833 0.6127238  0.4448364 ]
train per_class_iou: [0.9745068  0.10770299 0.03928329 0.0498284  0.5907639  0.29879072
 0.45558998 0.40007827 0.21007873 0.07603499 0.41041252 0.31637737]
train mIOU:0.327
epoch 29 val_loss:0.117 
val overall_acc:0.955 
val per_class_acc: [0.98198223 0.17249586 0.05873733 0.08944309 0.5153521  0.3830493
 0.3706898  0.58538616 0.34491262 0.08770134 0.6346685  0.27036518]
vak per_class_iou: [0.9600829  0.1275736  0.04814292 0.07186436 0.50686795 0.31192097
 0.35127422 0.42009285 0.23792619 0.07069014 0.4659552  0.22071363]
val mIOU:0.316

epoch 30 train_loss:0.098 
train overall_acc:0.970 
train per_class_acc: [0.99163103 0.16056906 0.0484645  0.06737614 0.6442401  0.3823876
 0.52205426 0.49660808 0.29757354 0.12124684 0.6288408  0.4679361 ]
train per_class_iou: [0.9752127  0.11525408 0.04083086 0.05355301 0.59083676 0.29843295
 0.44453514 0.39858505 0.21464242 0.08586338 0.43655998 0.338346  ]
train mIOU:0.333
epoch 30 val_loss:0.102 
val overall_acc:0.958 
val per_class_acc: [0.9802393  0.23207493 0.07755459 0.08598094 0.6166544  0.35784
 0.41239372 0.5833247  0.27938986 0.0967846  0.65610635 0.44423977]
vak per_class_iou: [0.9639051  0.16021559 0.06046679 0.0668816  0.57388395 0.31805325
 0.37089634 0.40476644 0.21103837 0.07085394 0.46236584 0.30344722]
val mIOU:0.331

