epoch 1 train_loss:1.352 
train overall_acc:0.832 
train per_class_acc: [0.8944822  0.07471695 0.03792414 0.00341266 0.03799718 0.14951514
 0.09940643 0.22923836 0.00143523 0.02217754 0.12855862 0.03015533]
train per_class_iou: [8.43065798e-01 2.63517704e-02 9.63276438e-03 2.12249253e-03
 2.02042516e-02 3.55525166e-02 3.33699659e-02 1.23587385e-01
 8.69145326e-04 7.92680075e-04 2.92004216e-02 1.55890491e-02]
train mIOU:0.095
epoch 1 val_loss:0.515 
val overall_acc:0.913 
val per_class_acc: [9.8039150e-01 3.5659662e-03 3.8617805e-03 5.2050805e-06 1.4963899e-02
 9.6489049e-02 2.4930947e-02 1.3094919e-02 0.0000000e+00 0.0000000e+00
 1.0356162e-05 2.8702972e-02]
vak per_class_iou: [9.1802531e-01 3.4031135e-03 3.6019215e-03 5.1985858e-06 1.1203398e-02
 3.6284726e-02 1.7012468e-02 1.2111928e-02 0.0000000e+00 0.0000000e+00
 1.0345537e-05 2.3971505e-02]
val mIOU:0.085

epoch 2 train_loss:0.351 
train overall_acc:0.922 
train per_class_acc: [9.9500054e-01 4.1309532e-04 7.9628568e-05 0.0000000e+00 8.6847628e-03
 2.1572683e-02 3.5717614e-02 1.8736933e-01 0.0000000e+00 7.3491095e-04
 8.3457172e-04 4.3444871e-03]
train per_class_iou: [9.2335719e-01 4.0351882e-04 7.7589844e-05 0.0000000e+00 5.7092323e-03
 1.2537023e-02 2.7075194e-02 1.5852055e-01 0.0000000e+00 6.1519077e-04
 5.3120509e-04 3.7633695e-03]
train mIOU:0.094
epoch 2 val_loss:0.306 
val overall_acc:0.915 
val per_class_acc: [9.8327219e-01 0.0000000e+00 0.0000000e+00 0.0000000e+00 0.0000000e+00
 2.2626518e-04 1.4249681e-02 2.2580510e-01 0.0000000e+00 0.0000000e+00
 0.0000000e+00 0.0000000e+00]
vak per_class_iou: [9.1534609e-01 0.0000000e+00 0.0000000e+00 0.0000000e+00 0.0000000e+00
 2.0974393e-04 1.3060649e-02 1.9395360e-01 0.0000000e+00 0.0000000e+00
 0.0000000e+00 0.0000000e+00]
val mIOU:0.094

epoch 3 train_loss:0.304 
train overall_acc:0.923 
train per_class_acc: [9.9357772e-01 2.4017096e-03 1.8381191e-04 0.0000000e+00 2.3944443e-02
 7.7010877e-02 9.3535118e-02 3.1440318e-01 2.9165209e-05 4.6379271e-05
 1.7400231e-02 1.6416601e-03]
train per_class_iou: [9.2662460e-01 2.2697451e-03 1.7807315e-04 0.0000000e+00 1.6321979e-02
 4.3266430e-02 6.5906577e-02 2.5221753e-01 2.8356611e-05 4.6004840e-05
 1.2906385e-02 1.6127806e-03]
train mIOU:0.110
epoch 3 val_loss:0.283 
val overall_acc:0.917 
val per_class_acc: [9.79755640e-01 7.16421753e-03 1.13650202e-03 0.00000000e+00
 9.61554945e-02 1.03944525e-01 7.90524557e-02 3.91994059e-01
 3.61096056e-04 0.00000000e+00 1.06427878e-01 1.65975105e-03]
vak per_class_iou: [9.2418391e-01 6.8370341e-03 1.1028328e-03 0.0000000e+00 4.9978372e-02
 7.7450164e-02 5.6048628e-02 2.9860213e-01 3.5913981e-04 0.0000000e+00
 6.1776482e-02 1.6064256e-03]
val mIOU:0.123

epoch 4 train_loss:0.284 
train overall_acc:0.925 
train per_class_acc: [9.9181652e-01 2.3251839e-02 9.2015014e-04 4.3572168e-06 4.5675434e-02
 4.5739602e-02 1.4591922e-01 3.4413487e-01 3.0107403e-03 3.3618152e-04
 7.2339453e-02 1.4361266e-02]
train per_class_iou: [9.2897540e-01 1.8210893e-02 8.8381168e-04 4.3421828e-06 2.9968390e-02
 3.1675991e-02 1.0729898e-01 2.7192265e-01 2.5012824e-03 3.0130000e-04
 4.5031987e-02 1.3404857e-02]
train mIOU:0.121
epoch 4 val_loss:0.248 
val overall_acc:0.917 
val per_class_acc: [9.8280144e-01 9.4397450e-03 1.5664160e-05 0.0000000e+00 4.9956892e-02
 7.2825989e-03 3.5869773e-02 3.1483424e-01 0.0000000e+00 0.0000000e+00
 6.4078070e-02 7.6452598e-05]
vak per_class_iou: [9.2046899e-01 8.9617157e-03 1.5664160e-05 0.0000000e+00 3.6480177e-02
 6.6560656e-03 3.1514067e-02 2.5753585e-01 0.0000000e+00 0.0000000e+00
 5.2686747e-02 7.6365031e-05]
val mIOU:0.110

epoch 5 train_loss:0.259 
train overall_acc:0.927 
train per_class_acc: [9.9049234e-01 3.2124344e-02 2.9274013e-03 2.2457101e-05 7.6282851e-02
 2.7674183e-02 1.8126331e-01 3.5087043e-01 1.4539269e-02 3.7373818e-04
 1.3326709e-01 4.8894886e-02]
train per_class_iou: [9.3267959e-01 2.5026100e-02 2.6710383e-03 2.2271550e-05 5.4035600e-02
 2.0681368e-02 1.3726510e-01 2.7887034e-01 1.1570296e-02 3.6065053e-04
 7.8854024e-02 3.7206441e-02]
train mIOU:0.132
epoch 5 val_loss:0.252 
val overall_acc:0.919 
val per_class_acc: [9.8255420e-01 1.0938398e-02 1.5941221e-04 0.0000000e+00 4.4671297e-02
 1.3620461e-02 9.4372377e-02 3.4185597e-01 6.2448112e-03 0.0000000e+00
 2.7694684e-02 1.6239468e-02]
vak per_class_iou: [9.2078018e-01 1.0057103e-02 1.5900710e-04 0.0000000e+00 3.9736617e-02
 1.1612280e-02 8.1241407e-02 2.7600661e-01 6.0210088e-03 0.0000000e+00
 2.4717417e-02 1.5809057e-02]
val mIOU:0.116

epoch 6 train_loss:0.240 
train overall_acc:0.931 
train per_class_acc: [9.8931277e-01 3.6998991e-02 3.6035350e-03 7.2234441e-05 1.4994992e-01
 2.6416142e-02 2.4647506e-01 3.7295035e-01 2.7550710e-02 1.9545779e-04
 1.7359014e-01 1.3602187e-01]
train per_class_iou: [9.37735975e-01 2.91032791e-02 3.38031305e-03 7.18710216e-05
 1.07923783e-01 2.13041231e-02 1.88579187e-01 2.93175370e-01
 2.29913201e-02 1.91275103e-04 1.04257606e-01 1.02857232e-01]
train mIOU:0.151
epoch 6 val_loss:0.222 
val overall_acc:0.923 
val per_class_acc: [9.80633140e-01 9.38899256e-03 4.28623171e-04 0.00000000e+00
 4.09463532e-02 2.69903429e-02 3.29134017e-01 3.38762969e-01
 1.41890324e-03 0.00000000e+00 1.14377946e-01 5.41433655e-02]
vak per_class_iou: [9.2584717e-01 8.9360671e-03 4.2585624e-04 0.0000000e+00 3.7193306e-02
 2.4547134e-02 2.4968068e-01 2.9204294e-01 1.4156923e-03 0.0000000e+00
 8.2773998e-02 5.1371355e-02]
val mIOU:0.140

epoch 7 train_loss:0.218 
train overall_acc:0.937 
train per_class_acc: [9.8857647e-01 4.1825183e-02 5.7316069e-03 3.1014433e-04 2.7767169e-01
 3.6726300e-02 2.5601962e-01 3.8386559e-01 5.0089758e-02 1.2064143e-03
 1.8831478e-01 2.0775293e-01]
train per_class_iou: [9.4336677e-01 3.2485582e-02 5.0863721e-03 3.0034216e-04 2.1036635e-01
 2.9423594e-02 2.0100768e-01 3.0275276e-01 4.1465990e-02 1.1151818e-03
 1.1627520e-01 1.3652420e-01]
train mIOU:0.168
epoch 7 val_loss:0.204 
val overall_acc:0.932 
val per_class_acc: [0.97884166 0.13075188 0.02087093 0.00880223 0.3049985  0.03984893
 0.18757223 0.41246155 0.12097608 0.01264313 0.26013964 0.273354  ]
vak per_class_iou: [0.93838114 0.07386864 0.01763908 0.00822677 0.27507877 0.03297971
 0.16240458 0.31719965 0.09566527 0.00989079 0.15437478 0.13784583]
val mIOU:0.185

epoch 8 train_loss:0.205 
train overall_acc:0.941 
train per_class_acc: [0.9880383  0.04318156 0.00494735 0.00179645 0.33004662 0.04075909
 0.29140374 0.38686845 0.05820026 0.00141058 0.20735872 0.23132005]
train per_class_iou: [0.94690865 0.03296264 0.00446795 0.0017213  0.25710294 0.0319201
 0.23626234 0.30700335 0.0500971  0.00125908 0.11928137 0.15280244]
train mIOU:0.178
epoch 8 val_loss:0.190 
val overall_acc:0.937 
val per_class_acc: [9.7283375e-01 4.3582819e-02 1.1630361e-02 1.5093233e-03 4.9947059e-01
 9.5358782e-02 2.2582355e-01 4.3459851e-01 6.4586863e-02 1.8234865e-05
 3.9565477e-01 5.6108039e-02]
vak per_class_iou: [9.4528139e-01 3.6131997e-02 1.0717696e-02 1.4928720e-03 3.6235470e-01
 7.6815687e-02 2.0312573e-01 3.2289514e-01 6.2345501e-02 1.8214936e-05
 2.0034020e-01 5.3288076e-02]
val mIOU:0.190

epoch 9 train_loss:0.191 
train overall_acc:0.946 
train per_class_acc: [0.98864675 0.04972597 0.00716466 0.0021696  0.3979238  0.0789953
 0.3260913  0.40941206 0.09711503 0.00170362 0.21958812 0.27055958]
train per_class_iou: [0.9515551  0.03848831 0.0065332  0.00208947 0.32393095 0.05760386
 0.27097762 0.32216507 0.08131285 0.001641   0.13832153 0.18139432]
train mIOU:0.198
epoch 9 val_loss:0.182 
val overall_acc:0.936 
val per_class_acc: [0.9822657  0.05790934 0.00339478 0.00111135 0.38994545 0.00802457
 0.0942833  0.33461037 0.14964747 0.00371633 0.24445835 0.40678352]
vak per_class_iou: [0.9402732  0.04392464 0.00323781 0.00110603 0.36915794 0.00780236
 0.0940922  0.28020424 0.10990205 0.00362249 0.16465005 0.21042518]
val mIOU:0.186

epoch 10 train_loss:0.173 
train overall_acc:0.951 
train per_class_acc: [0.9891109  0.05688342 0.01111264 0.00396088 0.47779912 0.09093884
 0.35141402 0.41807392 0.10279515 0.00311515 0.29845658 0.2559613 ]
train per_class_iou: [0.9563456  0.04279288 0.00977869 0.00375878 0.40589195 0.06682374
 0.29175577 0.33406287 0.0802554  0.00278909 0.17827399 0.17301519]
train mIOU:0.212
epoch 10 val_loss:0.154 
val overall_acc:0.946 
val per_class_acc: [9.8100686e-01 3.2050390e-02 1.2022581e-02 1.2116885e-03 4.9453971e-01
 4.5718934e-02 3.0595285e-01 4.6876609e-01 8.5874222e-02 1.2407164e-04
 2.4841501e-01 4.5246142e-01]
vak per_class_iou: [9.5019257e-01 2.7948499e-02 1.1103185e-02 1.1937784e-03 4.5232970e-01
 4.2406324e-02 2.7491140e-01 3.5542050e-01 8.1652083e-02 1.2376330e-04
 1.9105361e-01 2.7381030e-01]
val mIOU:0.222

epoch 11 train_loss:0.163 
train overall_acc:0.953 
train per_class_acc: [0.9892084  0.06469638 0.01329464 0.00692294 0.4769036  0.1147973
 0.3729462  0.42874244 0.14010061 0.00460192 0.3207931  0.30716386]
train per_class_iou: [0.95853364 0.04940444 0.0119198  0.00642859 0.40701574 0.08281765
 0.31103373 0.33915496 0.11405271 0.00433236 0.19373092 0.20102672]
train mIOU:0.223
epoch 11 val_loss:0.146 
val overall_acc:0.947 
val per_class_acc: [0.9769691  0.08481714 0.00661368 0.00757631 0.52807844 0.12258735
 0.3920527  0.38253906 0.1894904  0.01194079 0.3568358  0.42265135]
vak per_class_iou: [0.9535993  0.06376944 0.00626845 0.00719839 0.44633073 0.10095827
 0.30450878 0.33326054 0.1578784  0.01026675 0.21766296 0.21765973]
val mIOU:0.235

epoch 12 train_loss:0.171 
train overall_acc:0.951 
train per_class_acc: [0.9887032  0.06259553 0.01449471 0.00685792 0.45114493 0.1111398
 0.38390926 0.40795463 0.14499478 0.01021561 0.3102716  0.27084205]
train per_class_iou: [0.95586646 0.04669423 0.01263817 0.00630525 0.3831756  0.08067185
 0.31347546 0.32504517 0.11307254 0.00847765 0.18649805 0.18913187]
train mIOU:0.218
epoch 12 val_loss:0.174 
val overall_acc:0.936 
val per_class_acc: [0.9630213  0.0355504  0.01294264 0.00314629 0.6148964  0.1277739
 0.39010984 0.4251029  0.15648638 0.00269142 0.35902557 0.1560248 ]
vak per_class_iou: [0.9414736  0.0317462  0.01190504 0.003061   0.41763842 0.10099622
 0.2552283  0.3394645  0.13685448 0.00262548 0.22907926 0.13402523]
val mIOU:0.217

epoch 13 train_loss:0.151 
train overall_acc:0.957 
train per_class_acc: [0.98968726 0.07338563 0.01661498 0.01104546 0.53182095 0.14396119
 0.3999456  0.42525396 0.185602   0.01833543 0.35766616 0.30761948]
train per_class_iou: [0.9622392  0.05375209 0.01442203 0.01004193 0.46422312 0.10551189
 0.3342874  0.34009182 0.14337446 0.01554766 0.22638214 0.20724237]
train mIOU:0.240
epoch 13 val_loss:0.132 
val overall_acc:0.950 
val per_class_acc: [0.9800983  0.08801739 0.02278888 0.01264393 0.55982953 0.12734015
 0.34561193 0.48039037 0.17643055 0.02755173 0.45998377 0.4341877 ]
vak per_class_iou: [0.95607245 0.06704695 0.02025922 0.01174239 0.51030946 0.10859931
 0.3140959  0.3602951  0.14645456 0.02304036 0.28251246 0.23001471]
val mIOU:0.253

epoch 14 train_loss:0.142 
train overall_acc:0.959 
train per_class_acc: [0.99005765 0.08529671 0.015708   0.01351289 0.53630596 0.16562684
 0.4312603  0.4647276  0.20471592 0.0173639  0.42102775 0.31982452]
train per_class_iou: [0.9641882  0.06320579 0.01380221 0.01211208 0.47000372 0.11896688
 0.36870652 0.37023914 0.15420055 0.01526061 0.25333104 0.22242367]
train mIOU:0.252
epoch 14 val_loss:0.127 
val overall_acc:0.952 
val per_class_acc: [0.97908384 0.07772835 0.02170977 0.01101215 0.5599022  0.24120626
 0.43958363 0.4784449  0.2384514  0.01823743 0.47202316 0.40502116]
vak per_class_iou: [0.9568386  0.06276887 0.01928508 0.0105239  0.52226526 0.17353931
 0.3490822  0.39117765 0.18674585 0.01686565 0.31229436 0.27951315]
val mIOU:0.273

epoch 15 train_loss:0.137 
train overall_acc:0.960 
train per_class_acc: [0.9902697  0.08939078 0.01965236 0.01881163 0.5638327  0.18783204
 0.4321391  0.4470454  0.21169794 0.02437562 0.4480534  0.34833518]
train per_class_iou: [0.96554935 0.06602795 0.01664247 0.01659044 0.49790296 0.13850288
 0.36809358 0.3613537  0.1513952  0.02081908 0.2793107  0.2367494 ]
train mIOU:0.260
epoch 15 val_loss:0.125 
val overall_acc:0.953 
val per_class_acc: [0.97936314 0.06492482 0.00800067 0.02648431 0.5867872  0.16969126
 0.42790303 0.45558444 0.20894127 0.04279632 0.5637338  0.33487782]
vak per_class_iou: [0.9588266  0.05616029 0.00766212 0.0229212  0.50561976 0.14949591
 0.3591743  0.38311306 0.17596318 0.03435834 0.3502862  0.21897823]
val mIOU:0.269

epoch 16 train_loss:0.132 
train overall_acc:0.961 
train per_class_acc: [0.99031526 0.1019306  0.02460411 0.02140899 0.56939745 0.20453982
 0.42836    0.4560861  0.24276218 0.04044161 0.4863653  0.33204973]
train per_class_iou: [0.9663184  0.07480423 0.02069099 0.01892462 0.50933015 0.14904752
 0.36738294 0.37015632 0.18403621 0.03272933 0.30315435 0.23063867]
train mIOU:0.269
epoch 16 val_loss:0.131 
val overall_acc:0.949 
val per_class_acc: [0.9745294  0.06641869 0.03007212 0.02386112 0.6221935  0.23553959
 0.41935077 0.47224855 0.20133689 0.05614715 0.5641716  0.16306138]
vak per_class_iou: [0.95498765 0.05700887 0.02587725 0.02086066 0.48506594 0.19108218
 0.33833817 0.37877023 0.17667226 0.04632002 0.36215618 0.14294952]
val mIOU:0.265

epoch 17 train_loss:0.126 
train overall_acc:0.963 
train per_class_acc: [0.99064183 0.10060135 0.02467886 0.02682256 0.57789946 0.23480527
 0.44144967 0.4707895  0.22881821 0.05290157 0.51508737 0.3445508 ]
train per_class_iou: [0.9680773  0.07388989 0.02133265 0.02314369 0.5193026  0.17320924
 0.38120762 0.3788407  0.1755894  0.03969827 0.32211465 0.23640367]
train mIOU:0.276
epoch 17 val_loss:0.124 
val overall_acc:0.952 
val per_class_acc: [0.9784109  0.09662694 0.01918195 0.03270039 0.60077953 0.28971237
 0.4189865  0.44157264 0.16271153 0.03620452 0.3922059  0.23412459]
vak per_class_iou: [0.9567947  0.0791835  0.01710651 0.02821267 0.50947315 0.23664999
 0.3665155  0.36644468 0.1491115  0.03119751 0.30821326 0.19212897]
val mIOU:0.270

epoch 18 train_loss:0.119 
train overall_acc:0.964 
train per_class_acc: [0.99062735 0.11839565 0.02900692 0.03005643 0.5798175  0.2663053
 0.46344873 0.48080018 0.23874582 0.07102601 0.5454214  0.36546892]
train per_class_iou: [0.96966    0.08541986 0.02458421 0.026127   0.5240556  0.19550239
 0.3997806  0.38633984 0.17989978 0.05062338 0.35500944 0.25647542]
train mIOU:0.288
epoch 18 val_loss:0.120 
val overall_acc:0.953 
val per_class_acc: [0.98166585 0.08084631 0.03013759 0.02024143 0.5818186  0.17693025
 0.29829568 0.4422856  0.22207904 0.08108227 0.57578105 0.27291802]
vak per_class_iou: [0.9573062  0.06823658 0.02614277 0.01815163 0.53726286 0.15786915
 0.27766627 0.38504753 0.18635564 0.06261    0.3901159  0.2200183 ]
val mIOU:0.274

epoch 19 train_loss:0.139 
train overall_acc:0.959 
train per_class_acc: [0.98964214 0.10469266 0.02741475 0.03008012 0.5426985  0.2099017
 0.41260958 0.44815186 0.21285418 0.06371818 0.4820154  0.39364812]
train per_class_iou: [0.96442974 0.07572576 0.02297332 0.0252709  0.4788218  0.15319963
 0.3455445  0.359958   0.15964837 0.04647603 0.31156418 0.2708575 ]
train mIOU:0.268
epoch 19 val_loss:0.119 
val overall_acc:0.953 
val per_class_acc: [0.9794842  0.0850532  0.00920438 0.02567358 0.5638068  0.47476685
 0.4678981  0.42377365 0.1718095  0.01635366 0.35017633 0.4520695 ]
vak per_class_iou: [0.9584751  0.06984211 0.00866492 0.02280367 0.53738433 0.26067877
 0.3818575  0.3838763  0.16245016 0.01467471 0.29669067 0.33792907]
val mIOU:0.286

epoch 20 train_loss:0.113 
train overall_acc:0.966 
train per_class_acc: [0.9910705  0.13278429 0.03294136 0.04298015 0.61986136 0.3063398
 0.47765738 0.48979175 0.24666356 0.08622918 0.55327374 0.38881004]
train per_class_iou: [0.9712873  0.09686405 0.02727755 0.0356965  0.56395847 0.22946186
 0.4127217  0.39353096 0.1880774  0.06059931 0.36282682 0.26481488]
train mIOU:0.301
epoch 20 val_loss:0.117 
val overall_acc:0.955 
val per_class_acc: [0.97995746 0.1245209  0.02980248 0.02850239 0.61340135 0.16299118
 0.43385732 0.52604824 0.3168792  0.09834249 0.5837527  0.34978247]
vak per_class_iou: [0.9592183  0.1001672  0.02645241 0.02602872 0.5642362  0.14867973
 0.3767808  0.41459444 0.20931229 0.07231443 0.40363422 0.28601515]
val mIOU:0.299

epoch 21 train_loss:0.117 
train overall_acc:0.965 
train per_class_acc: [0.99079186 0.1421722  0.03162256 0.04379291 0.57221866 0.3064882
 0.47801396 0.4776275  0.23899154 0.10707322 0.5590772  0.44709957]
train per_class_iou: [0.9702279  0.10057174 0.02648318 0.03587041 0.51794434 0.22585483
 0.40218878 0.38496253 0.18259795 0.07385276 0.3758876  0.31676686]
train mIOU:0.301
epoch 21 val_loss:0.123 
val overall_acc:0.953 
val per_class_acc: [0.9765735  0.19625475 0.03686772 0.06632903 0.68196964 0.337118
 0.38616353 0.53960013 0.2685416  0.08600765 0.6455623  0.24265642]
vak per_class_iou: [0.96011287 0.1342124  0.03116564 0.04928414 0.5509163  0.25505129
 0.35388342 0.39937365 0.19415253 0.06347065 0.4269761  0.20353   ]
val mIOU:0.302

epoch 22 train_loss:0.120 
train overall_acc:0.964 
train per_class_acc: [0.9904162  0.12460194 0.03641555 0.04110824 0.60782474 0.30181885
 0.4776182  0.47744995 0.23647426 0.11134129 0.5578897  0.44963822]
train per_class_iou: [0.9695189  0.08844502 0.0305764  0.03399175 0.5461625  0.22479226
 0.40419927 0.38422456 0.17889713 0.07617725 0.3773045  0.31397676]
train mIOU:0.302
epoch 22 val_loss:0.121 
val overall_acc:0.953 
val per_class_acc: [0.97849005 0.13091555 0.0301054  0.04019767 0.6618679  0.22056636
 0.3482313  0.50103915 0.12966254 0.05986482 0.7546445  0.16646428]
vak per_class_iou: [0.9597512  0.10498374 0.02657285 0.03551672 0.53921795 0.19689278
 0.3248981  0.35803223 0.12140218 0.04784418 0.40670624 0.14075096]
val mIOU:0.272

epoch 23 train_loss:0.113 
train overall_acc:0.966 
train per_class_acc: [0.99079835 0.1430601  0.03856831 0.05049894 0.6181789  0.30889598
 0.47238436 0.47959754 0.25120917 0.11736696 0.5955447  0.45272076]
train per_class_iou: [0.9711892  0.10279933 0.0325556  0.04191006 0.5593096  0.23307842
 0.40734223 0.38534275 0.1917129  0.07890287 0.38847974 0.32573298]
train mIOU:0.310
epoch 23 val_loss:0.112 
val overall_acc:0.955 
val per_class_acc: [0.9812922  0.10498729 0.05582348 0.09142706 0.61370534 0.17231892
 0.36653286 0.5497347  0.20152266 0.09985032 0.5135187  0.48799038]
vak per_class_iou: [0.95945376 0.08549474 0.04550691 0.06971715 0.5732986  0.1554171
 0.3337585  0.39359185 0.18019599 0.07780366 0.40342873 0.319172  ]
val mIOU:0.300

epoch 24 train_loss:0.104 
train overall_acc:0.968 
train per_class_acc: [0.9912642  0.15489289 0.05001252 0.05679738 0.6391036  0.33413082
 0.5083481  0.4943935  0.2703133  0.14895725 0.61066335 0.52500236]
train per_class_iou: [0.9737625  0.11214435 0.04063092 0.04676197 0.58081394 0.2509484
 0.44063747 0.3953119  0.21098787 0.0982619  0.42408773 0.37008253]
train mIOU:0.329
epoch 24 val_loss:0.109 
val overall_acc:0.956 
val per_class_acc: [0.9802371  0.27410147 0.07891259 0.06895395 0.5932465  0.21745472
 0.47185883 0.47853196 0.35376364 0.14319305 0.5420065  0.6991856 ]
vak per_class_iou: [0.96334326 0.16156514 0.05713441 0.05540757 0.5513132  0.19658323
 0.4170049  0.41067287 0.2303155  0.09391436 0.41616413 0.26969677]
val mIOU:0.319

epoch 25 train_loss:0.102 
train overall_acc:0.969 
train per_class_acc: [0.99152666 0.16031739 0.0590428  0.05996266 0.6327281  0.36197886
 0.52934355 0.50908357 0.26403964 0.13557635 0.59265435 0.532353  ]
train per_class_iou: [0.97443223 0.11572715 0.0472977  0.04943486 0.5793254  0.2767521
 0.4634732  0.40493807 0.2047921  0.09035485 0.41193482 0.37328315]
train mIOU:0.333
epoch 25 val_loss:0.109 
val overall_acc:0.956 
val per_class_acc: [0.9763609  0.24023268 0.10464954 0.06955202 0.65279716 0.45602027
 0.55672836 0.5396322  0.34039015 0.15294601 0.6233472  0.55439293]
vak per_class_iou: [0.96375287 0.16481522 0.07762456 0.05731224 0.5888507  0.3352844
 0.37444964 0.41317645 0.22149545 0.09979323 0.43262148 0.36834666]
val mIOU:0.341

epoch 26 train_loss:0.103 
train overall_acc:0.968 
train per_class_acc: [0.99136144 0.15536113 0.05626958 0.05891129 0.6197142  0.3564874
 0.5129008  0.50161105 0.26829928 0.14236233 0.62106323 0.49151838]
train per_class_iou: [0.974199   0.113458   0.04553604 0.04801792 0.5640479  0.2685649
 0.43824738 0.40087354 0.2064344  0.09367124 0.43612927 0.357779  ]
train mIOU:0.329
epoch 26 val_loss:0.106 
val overall_acc:0.958 
val per_class_acc: [0.9807181  0.15971626 0.05158027 0.06099421 0.5999168  0.30471283
 0.43842176 0.5624411  0.25928342 0.14231421 0.631903   0.4218965 ]
vak per_class_iou: [0.9618417  0.12547201 0.04375285 0.05112729 0.5521186  0.27323416
 0.40311903 0.4235569  0.20806715 0.10262773 0.5001781  0.35015658]
val mIOU:0.333

epoch 27 train_loss:0.096 
train overall_acc:0.970 
train per_class_acc: [0.9917466  0.16903815 0.06423165 0.06555378 0.6593908  0.3917455
 0.5292004  0.5196533  0.28245723 0.14086156 0.6186438  0.5335865 ]
train per_class_iou: [0.975801   0.12430824 0.05227695 0.0535964  0.609713   0.29886642
 0.46145365 0.41358015 0.212156   0.09424596 0.4395236  0.37753108]
train mIOU:0.343
epoch 27 val_loss:0.123 
val overall_acc:0.954 
val per_class_acc: [0.98222226 0.1683667  0.0357409  0.02881243 0.5112819  0.25185052
 0.37386075 0.5568376  0.23968934 0.13578923 0.6051336  0.12598413]
vak per_class_iou: [0.9572824  0.12795456 0.03151883 0.02674152 0.50023437 0.21896695
 0.3524426  0.42751208 0.2017933  0.10018677 0.44514987 0.11372142]
val mIOU:0.292

epoch 28 train_loss:0.102 
train overall_acc:0.969 
train per_class_acc: [0.9913995  0.16689171 0.06465387 0.06175524 0.62775576 0.3806347
 0.49766463 0.5197963  0.27054825 0.15102547 0.61506975 0.5211284 ]
train per_class_iou: [0.9741942  0.11984859 0.05171994 0.05039332 0.57354474 0.28950754
 0.43249625 0.41463873 0.20430377 0.10055885 0.4368744  0.37792698]
train mIOU:0.336
epoch 28 val_loss:0.120 
val overall_acc:0.954 
val per_class_acc: [0.9794339  0.08491555 0.02318772 0.01457363 0.5954543  0.30208057
 0.3570872  0.29808316 0.18533891 0.0672982  0.6588348  0.52959937]
vak per_class_iou: [0.9578857  0.07730958 0.02103445 0.01395546 0.5291846  0.26678994
 0.31931928 0.28098908 0.16719267 0.05427301 0.4163412  0.35751453]
val mIOU:0.288

epoch 29 train_loss:0.096 
train overall_acc:0.970 
train per_class_acc: [0.9916701  0.16920973 0.07061382 0.06531071 0.6419765  0.39398187
 0.5376975  0.5068548  0.2753245  0.15256137 0.6376825  0.5752277 ]
train per_class_iou: [0.9758199  0.12405588 0.05654052 0.05357679 0.59071636 0.30417916
 0.4655957  0.4038299  0.20902668 0.09813217 0.4446113  0.42439988]
train mIOU:0.346
epoch 29 val_loss:0.101 
val overall_acc:0.959 
val per_class_acc: [0.97972584 0.21970621 0.07682898 0.06899524 0.6352169  0.43268082
 0.5009981  0.5223051  0.32432303 0.20555012 0.57085145 0.6231803 ]
vak per_class_iou: [0.9643606  0.15689595 0.05983607 0.05894732 0.5942697  0.35290894
 0.40183347 0.42117915 0.2207991  0.12466271 0.45086846 0.44732124]
val mIOU:0.354

epoch 30 train_loss:0.093 
train overall_acc:0.971 
train per_class_acc: [0.9917689  0.18050906 0.06657634 0.06826244 0.6758403  0.40356824
 0.55275035 0.5222372  0.28980467 0.16141008 0.6393368  0.5655522 ]
train per_class_iou: [0.9764596  0.13173512 0.0532785  0.05546712 0.618956   0.30803904
 0.48314592 0.415572   0.22441986 0.1052479  0.45184433 0.4144108 ]
train mIOU:0.353
epoch 30 val_loss:0.098 
val overall_acc:0.959 
val per_class_acc: [0.97887343 0.19830948 0.08728769 0.07656932 0.56944597 0.5537533
 0.4318491  0.5314923  0.30316556 0.22918892 0.63902825 0.5856221 ]
vak per_class_iou: [0.964984   0.15352532 0.06822792 0.06179702 0.5298869  0.35429162
 0.38043216 0.4180969  0.24710134 0.13227908 0.4704777  0.36699364]
val mIOU:0.346

