epoch 1 train_loss:1.271 
train overall_acc:0.872 
train per_class_acc: [0.9355661  0.02642472 0.02271665 0.00226103 0.04290155 0.12322415
 0.14924614 0.17938384 0.01461539 0.01056432 0.11417382 0.06213181]
train per_class_iou: [8.8528001e-01 1.3719371e-02 7.4935737e-03 4.3478669e-04 1.5939008e-02
 3.1547830e-02 5.2966662e-02 9.4234914e-02 5.1203133e-03 2.6320962e-03
 3.9432392e-02 1.8283173e-02]
train mIOU:0.097
epoch 1 val_loss:0.472 
val overall_acc:0.912 
val per_class_acc: [9.7762448e-01 3.9886665e-03 2.6033325e-03 0.0000000e+00 8.7132744e-02
 1.4165791e-02 8.0001868e-02 2.7820683e-01 0.0000000e+00 0.0000000e+00
 4.4975790e-05 7.7160494e-06]
vak per_class_iou: [9.1659987e-01 3.8375298e-03 2.4694665e-03 0.0000000e+00 5.5671956e-02
 1.1670812e-02 4.1261382e-02 1.9418591e-01 0.0000000e+00 0.0000000e+00
 4.4974015e-05 7.2118851e-06]
val mIOU:0.102

epoch 2 train_loss:0.352 
train overall_acc:0.923 
train per_class_acc: [9.9500471e-01 1.3243108e-03 2.5710807e-04 0.0000000e+00 2.4336737e-03
 2.8287293e-02 2.5450800e-02 1.8864162e-01 1.2592783e-03 5.9731974e-04
 1.5490005e-02 2.3895287e-04]
train per_class_iou: [9.2429602e-01 1.2501635e-03 2.4939975e-04 0.0000000e+00 1.5905676e-03
 1.6904673e-02 1.7355775e-02 1.4842884e-01 9.6895098e-04 4.0403390e-04
 1.2311498e-02 2.3674045e-04]
train mIOU:0.094
epoch 2 val_loss:0.314 
val overall_acc:0.913 
val per_class_acc: [9.8291135e-01 2.2097197e-03 1.1826740e-03 0.0000000e+00 0.0000000e+00
 3.3081402e-03 5.6974385e-03 3.7223351e-01 4.6062940e-03 1.5690220e-04
 9.7962581e-02 6.0219886e-03]
vak per_class_iou: [9.1462559e-01 2.1623990e-03 1.1605304e-03 0.0000000e+00 0.0000000e+00
 2.9353511e-03 5.2552242e-03 2.5270495e-01 4.1374979e-03 1.5295568e-04
 6.8540290e-02 5.8922912e-03]
val mIOU:0.105

epoch 3 train_loss:0.296 
train overall_acc:0.925 
train per_class_acc: [9.92813289e-01 1.43373171e-02 1.49426889e-03 1.43594079e-04
 2.23074872e-02 5.11280969e-02 1.21121325e-01 3.30458969e-01
 2.72884005e-04 6.80658850e-04 7.07420632e-02 1.45606669e-02]
train per_class_iou: [9.2835671e-01 1.1986399e-02 1.4193951e-03 1.4148370e-04 1.7095828e-02
 3.1126287e-02 8.0315024e-02 2.6366177e-01 2.5349503e-04 6.4527011e-04
 4.9037073e-02 1.2505235e-02]
train mIOU:0.116
epoch 3 val_loss:0.322 
val overall_acc:0.913 
val per_class_acc: [0.9832807  0.         0.         0.         0.00375235 0.00322591
 0.00457592 0.11977611 0.         0.         0.0045564  0.        ]
vak per_class_iou: [0.9133566  0.         0.         0.         0.00375205 0.00281572
 0.0044572  0.11633492 0.         0.         0.00394683 0.        ]
val mIOU:0.087

epoch 4 train_loss:0.290 
train overall_acc:0.925 
train per_class_acc: [9.9177766e-01 3.1618744e-02 3.6182501e-03 9.7457640e-04 3.3262830e-02
 3.4689147e-02 1.3476308e-01 3.3180073e-01 6.5416032e-05 2.8904724e-05
 1.1675043e-01 5.9004109e-02]
train per_class_iou: [9.2875576e-01 2.3492213e-02 3.3232456e-03 9.3965163e-04 2.3655074e-02
 2.4804417e-02 9.7849742e-02 2.6858273e-01 6.2964478e-05 2.8720171e-05
 7.8451313e-02 4.3680914e-02]
train mIOU:0.124
epoch 4 val_loss:0.270 
val overall_acc:0.914 
val per_class_acc: [9.82139528e-01 4.25130092e-02 4.68339073e-03 8.03693620e-05
 7.62434397e-03 6.97186142e-02 6.43550009e-02 3.14498395e-01
 0.00000000e+00 0.00000000e+00 1.08978905e-01 1.02448680e-01]
vak per_class_iou: [9.1725576e-01 3.2194577e-02 4.4067502e-03 7.9924197e-05 7.2726486e-03
 5.3223066e-02 5.2238762e-02 2.8524044e-01 0.0000000e+00 0.0000000e+00
 7.8606300e-02 9.4344608e-02]
val mIOU:0.127

epoch 5 train_loss:0.250 
train overall_acc:0.928 
train per_class_acc: [9.8994851e-01 3.6856789e-02 7.3172473e-03 2.5461758e-03 1.0853815e-01
 4.8911408e-02 1.8534878e-01 3.6410370e-01 1.6170679e-04 2.4492994e-05
 1.2582827e-01 1.3131604e-01]
train per_class_iou: [9.3351066e-01 2.8509513e-02 6.6176541e-03 2.4104896e-03 7.8052893e-02
 3.5675917e-02 1.4049879e-01 2.9820785e-01 1.5804426e-04 2.4492994e-05
 9.1780312e-02 9.7349547e-02]
train mIOU:0.143
epoch 5 val_loss:0.233 
val overall_acc:0.918 
val per_class_acc: [0.98258525 0.04036516 0.01036754 0.00509878 0.02608708 0.00605212
 0.1073245  0.4187589  0.00426957 0.         0.12351377 0.14151603]
vak per_class_iou: [0.92047256 0.03235796 0.00952614 0.00479096 0.02585787 0.00549396
 0.09968994 0.29825237 0.0040142  0.         0.09941502 0.0881701 ]
val mIOU:0.132

epoch 6 train_loss:0.236 
train overall_acc:0.933 
train per_class_acc: [9.8917794e-01 4.0916648e-02 5.2311085e-03 3.2938225e-03 1.7786518e-01
 3.9843541e-02 2.1619469e-01 3.7962472e-01 1.0081709e-02 2.6778667e-04
 1.4813741e-01 1.6580601e-01]
train per_class_iou: [9.38856304e-01 3.16789150e-02 4.89399070e-03 3.11232824e-03
 1.35683447e-01 3.04158982e-02 1.61768407e-01 3.07865202e-01
 9.58589558e-03 2.59135937e-04 9.64766368e-02 1.12624854e-01]
train mIOU:0.153
epoch 6 val_loss:0.217 
val overall_acc:0.924 
val per_class_acc: [0.9764561  0.0821609  0.01956678 0.00464633 0.36394727 0.05867656
 0.06274494 0.30714613 0.0421211  0.01224564 0.18407926 0.25589883]
vak per_class_iou: [0.93052804 0.058424   0.01684531 0.00449771 0.26786664 0.04680649
 0.05743109 0.2690646  0.04029549 0.01117796 0.12689127 0.12133314]
val mIOU:0.163

epoch 7 train_loss:0.204 
train overall_acc:0.940 
train per_class_acc: [0.98820144 0.04560025 0.01095283 0.00492221 0.31680095 0.06413053
 0.2882066  0.39462844 0.03219128 0.00162683 0.1968208  0.20825781]
train per_class_iou: [0.9463769  0.03494343 0.00975268 0.00460264 0.25640225 0.04687643
 0.22803089 0.31925157 0.02887937 0.00143003 0.1351047  0.12437173]
train mIOU:0.178
epoch 7 val_loss:0.189 
val overall_acc:0.933 
val per_class_acc: [9.7461766e-01 8.2475189e-03 5.7825395e-03 7.1134156e-04 5.3292853e-01
 2.2820145e-02 1.2180014e-01 3.3758608e-01 9.6896347e-03 3.6236888e-04
 2.5519747e-01 7.3264174e-02]
vak per_class_iou: [9.3741947e-01 7.9315612e-03 5.5411649e-03 7.0838298e-04 3.9714673e-01
 2.1782111e-02 1.1671501e-01 2.9117498e-01 9.5152175e-03 3.6227066e-04
 1.7212828e-01 6.8027139e-02]
val mIOU:0.169

epoch 8 train_loss:0.182 
train overall_acc:0.948 
train per_class_acc: [0.988292   0.05051326 0.01023655 0.00813352 0.42444065 0.08633884
 0.32713634 0.3893283  0.04911705 0.00432624 0.24171966 0.19751798]
train per_class_iou: [0.9532379  0.03860427 0.00932462 0.00706162 0.36028558 0.06317729
 0.25674346 0.3156064  0.04260579 0.0039149  0.16095802 0.12824698]
train mIOU:0.195
epoch 8 val_loss:0.183 
val overall_acc:0.936 
val per_class_acc: [9.7798401e-01 4.9704451e-02 1.1621819e-02 2.8806024e-03 4.8788723e-01
 7.7733085e-02 1.7571020e-01 3.7074158e-01 5.7850488e-02 5.7037710e-04
 2.0817871e-01 1.1671794e-01]
vak per_class_iou: [9.4047838e-01 3.9831039e-02 1.0633527e-02 2.8135742e-03 3.9344719e-01
 6.5997496e-02 1.5344657e-01 3.1372416e-01 5.5513609e-02 5.6533294e-04
 1.5625234e-01 9.5988669e-02]
val mIOU:0.186

epoch 9 train_loss:0.164 
train overall_acc:0.954 
train per_class_acc: [0.9891474  0.05874557 0.01606606 0.01048168 0.46984422 0.12257448
 0.37987825 0.41726187 0.11846169 0.00821452 0.2901635  0.22307442]
train per_class_iou: [0.9583257  0.04393888 0.01400183 0.00940193 0.40975842 0.0874535
 0.3121562  0.3363075  0.09774619 0.00717786 0.19221154 0.15254347]
train mIOU:0.218
epoch 9 val_loss:0.167 
val overall_acc:0.942 
val per_class_acc: [0.9711154  0.03745977 0.01801327 0.0043738  0.6459398  0.13392901
 0.43431026 0.4089669  0.14485909 0.01278696 0.41556272 0.41158602]
vak per_class_iou: [0.9482944  0.03210095 0.01621411 0.00417311 0.50098974 0.10227383
 0.299504   0.34413645 0.12970166 0.01169353 0.24271409 0.28439286]
val mIOU:0.243

epoch 10 train_loss:0.162 
train overall_acc:0.954 
train per_class_acc: [0.98920655 0.05568038 0.01889834 0.01135113 0.48105425 0.1456829
 0.37471303 0.43305996 0.11188583 0.01148692 0.29783547 0.24953653]
train per_class_iou: [0.9583731  0.04299965 0.0163369  0.01039851 0.42464578 0.10236423
 0.3141439  0.35451654 0.09360206 0.00955248 0.19384576 0.16976687]
train mIOU:0.224
epoch 10 val_loss:0.158 
val overall_acc:0.942 
val per_class_acc: [0.96958995 0.04646605 0.02887998 0.00939121 0.63623875 0.23910066
 0.3877753  0.39903757 0.18519185 0.02525476 0.42101136 0.27412567]
vak per_class_iou: [0.94993305 0.03868583 0.02433691 0.00872418 0.4535402  0.14843693
 0.32594934 0.33604282 0.16010337 0.02160856 0.25855908 0.2041996 ]
val mIOU:0.244

epoch 11 train_loss:0.156 
train overall_acc:0.956 
train per_class_acc: [0.9892225  0.05617639 0.02148506 0.01214923 0.49960497 0.16701883
 0.38866386 0.44835532 0.15312535 0.02018087 0.36185306 0.26261353]
train per_class_iou: [0.9600199  0.04361381 0.01849951 0.01084934 0.4410895  0.11940281
 0.32232183 0.36623272 0.12255875 0.01596806 0.23408826 0.1867075 ]
train mIOU:0.237
epoch 11 val_loss:0.158 
val overall_acc:0.940 
val per_class_acc: [0.98052275 0.01632573 0.0114478  0.00364108 0.33655804 0.23255615
 0.33708498 0.28290716 0.10727036 0.00468654 0.37735158 0.32513857]
vak per_class_iou: [0.9429787  0.01524058 0.01056264 0.003451   0.32359046 0.16700469
 0.2793961  0.2513538  0.10102676 0.00438703 0.27622193 0.25279996]
val mIOU:0.219

epoch 12 train_loss:0.146 
train overall_acc:0.958 
train per_class_acc: [0.98968387 0.06124617 0.02276891 0.01498721 0.5163336  0.18211007
 0.41440827 0.4335632  0.17098351 0.01746248 0.40068105 0.28096822]
train per_class_iou: [0.9628749  0.04665488 0.01953458 0.01322322 0.45945504 0.1285773
 0.3433642  0.35236648 0.13351457 0.01444047 0.25847182 0.19783878]
train mIOU:0.244
epoch 12 val_loss:0.144 
val overall_acc:0.947 
val per_class_acc: [0.9805609  0.03974117 0.02052875 0.00700841 0.4386379  0.19515684
 0.33530182 0.447497   0.2416267  0.01959479 0.24453226 0.44140422]
vak per_class_iou: [0.9500178  0.03392962 0.01800283 0.00659121 0.42779842 0.15104675
 0.29860836 0.3478169  0.18049979 0.01692532 0.19040929 0.3016419 ]
val mIOU:0.244

epoch 13 train_loss:0.140 
train overall_acc:0.959 
train per_class_acc: [0.99003977 0.06731794 0.02728859 0.01948061 0.52859455 0.21226242
 0.45978186 0.45616186 0.182888   0.03320244 0.40874237 0.2593629 ]
train per_class_iou: [0.9643082  0.05117881 0.02301682 0.01628693 0.4745032  0.14771475
 0.38808897 0.36763817 0.14236103 0.02652038 0.27101272 0.18537726]
train mIOU:0.255
epoch 13 val_loss:0.141 
val overall_acc:0.948 
val per_class_acc: [0.9740317  0.03822239 0.01963242 0.01662915 0.64658886 0.22781642
 0.4866687  0.4230219  0.21816275 0.0231443  0.32819664 0.2901265 ]
vak per_class_iou: [0.95319074 0.03356548 0.01762244 0.01497081 0.51595235 0.16580553
 0.34580505 0.36641747 0.18598552 0.02159485 0.25875732 0.2311476 ]
val mIOU:0.259

epoch 14 train_loss:0.143 
train overall_acc:0.959 
train per_class_acc: [0.9899407  0.06765637 0.02599731 0.02104459 0.516051   0.21322712
 0.4177249  0.45665506 0.18544886 0.0316164  0.40213156 0.28724867]
train per_class_iou: [0.9636108  0.05245794 0.02222797 0.01801275 0.46119756 0.15001954
 0.35206237 0.37118456 0.14366218 0.02506494 0.25725427 0.19970958]
train mIOU:0.251
epoch 14 val_loss:0.139 
val overall_acc:0.946 
val per_class_acc: [0.9710324  0.03975141 0.03471258 0.02354397 0.63423425 0.33362427
 0.47415003 0.39575282 0.20335965 0.0487326  0.47705042 0.14474611]
vak per_class_iou: [0.9523393  0.03458615 0.02917371 0.02029836 0.5460194  0.19447762
 0.3032632  0.34248683 0.17013451 0.04095532 0.3079944  0.12821177]
val mIOU:0.256

epoch 15 train_loss:0.137 
train overall_acc:0.960 
train per_class_acc: [0.9900233  0.07231696 0.02673895 0.0265443  0.5530765  0.22191854
 0.46060485 0.45068014 0.19125944 0.03693877 0.4348641  0.30953375]
train per_class_iou: [0.9647875  0.05448292 0.02271871 0.0217102  0.4976259  0.155577
 0.38712072 0.37021807 0.14529628 0.02854615 0.28635243 0.21399744]
train mIOU:0.262
epoch 15 val_loss:0.133 
val overall_acc:0.949 
val per_class_acc: [0.977547   0.11289238 0.02867161 0.0396364  0.59367085 0.37270677
 0.30189723 0.44945398 0.24019201 0.02204867 0.5646586  0.23904926]
vak per_class_iou: [0.9550544  0.08309735 0.025171   0.03285829 0.5462074  0.20786023
 0.27382678 0.35013473 0.19739565 0.02066229 0.35973087 0.20699567]
val mIOU:0.272

epoch 16 train_loss:0.133 
train overall_acc:0.961 
train per_class_acc: [0.98985624 0.07929717 0.02406335 0.03341893 0.50859404 0.25755146
 0.43749416 0.47260857 0.21008798 0.0457611  0.43401766 0.31519055]
train per_class_iou: [0.9657595  0.06032953 0.02105257 0.02782622 0.45121947 0.17934872
 0.3651313  0.38396105 0.16179633 0.03556824 0.28914058 0.21680474]
train mIOU:0.263
epoch 16 val_loss:0.136 
val overall_acc:0.948 
val per_class_acc: [0.9764999  0.04573362 0.02243597 0.02853882 0.57777584 0.17383273
 0.47769746 0.39518023 0.21167149 0.03135998 0.3283429  0.12931716]
vak per_class_iou: [0.95302457 0.04106346 0.02061686 0.02528054 0.48860776 0.13909474
 0.33520398 0.34565318 0.18947972 0.02879802 0.24250978 0.12618631]
val mIOU:0.245

epoch 17 train_loss:0.125 
train overall_acc:0.963 
train per_class_acc: [0.990585   0.08723556 0.02302054 0.04280421 0.5705245  0.24734394
 0.4758129  0.4722033  0.22544786 0.06639445 0.47291142 0.3026908 ]
train per_class_iou: [0.9680905  0.06485875 0.0200967  0.0342697  0.52049255 0.17930113
 0.4074916  0.3857948  0.17445865 0.05042071 0.30918527 0.21095894]
train mIOU:0.277
epoch 17 val_loss:0.149 
val overall_acc:0.943 
val per_class_acc: [0.9656796  0.16587766 0.03824175 0.04213715 0.6227105  0.44644204
 0.5339234  0.41998354 0.22290136 0.05799842 0.6259789  0.4617886 ]
vak per_class_iou: [0.95143133 0.10568082 0.03169983 0.03461416 0.55341554 0.2124931
 0.3213285  0.35523775 0.18585582 0.04745769 0.34961277 0.30799544]
val mIOU:0.288

epoch 18 train_loss:0.125 
train overall_acc:0.963 
train per_class_acc: [0.9905672  0.09503882 0.02589334 0.04840517 0.5943568  0.26005107
 0.42763764 0.4754239  0.22207129 0.07203634 0.5035168  0.34232333]
train per_class_iou: [0.9683548  0.06974598 0.0221098  0.03700819 0.5341623  0.1841651
 0.3608254  0.3834992  0.1704115  0.05246614 0.3356163  0.233609  ]
train mIOU:0.279
epoch 18 val_loss:0.120 
val overall_acc:0.953 
val per_class_acc: [0.9795745  0.04377751 0.01210784 0.0148571  0.6368294  0.3214717
 0.3483064  0.39863873 0.20691946 0.03650572 0.58611166 0.38209262]
vak per_class_iou: [0.95729905 0.0388236  0.01141166 0.01399442 0.57320875 0.23419163
 0.30462793 0.34002358 0.18303227 0.03169671 0.3615278  0.26433238]
val mIOU:0.276

epoch 19 train_loss:0.119 
train overall_acc:0.964 
train per_class_acc: [0.99073017 0.09880964 0.02478246 0.05393019 0.5864962  0.2831893
 0.48184037 0.4789478  0.22626601 0.07535861 0.48139876 0.38515905]
train per_class_iou: [0.9694608  0.0726002  0.02149408 0.04238306 0.5286855  0.20309676
 0.4166347  0.38857532 0.17215909 0.05554543 0.3234791  0.27523693]
train mIOU:0.289
epoch 19 val_loss:0.137 
val overall_acc:0.948 
val per_class_acc: [0.9728334  0.06628425 0.02632953 0.039092   0.5555913  0.22962874
 0.58924156 0.41149664 0.34075266 0.15550117 0.62242067 0.32726958]
vak per_class_iou: [0.95294505 0.05574622 0.02289747 0.03415052 0.5201544  0.17778209
 0.35909078 0.34743258 0.225548   0.09940588 0.36354434 0.27909717]
val mIOU:0.286

epoch 20 train_loss:0.123 
train overall_acc:0.963 
train per_class_acc: [0.9904352  0.10395041 0.0264793  0.05122801 0.56425506 0.2830891
 0.44664374 0.4978363  0.22995086 0.07867137 0.5041632  0.32857078]
train per_class_iou: [0.9682632  0.07739572 0.02305735 0.04083106 0.51005644 0.20993157
 0.37838057 0.40185922 0.17980443 0.05793969 0.33730438 0.23071045]
train mIOU:0.285
epoch 20 val_loss:0.133 
val overall_acc:0.949 
val per_class_acc: [0.9757608  0.17143698 0.0289255  0.07330769 0.6762299  0.24768355
 0.3579903  0.43934017 0.2922711  0.08989724 0.59917504 0.54307145]
vak per_class_iou: [0.9554453  0.11310103 0.02494899 0.05831928 0.5519971  0.21897916
 0.3154803  0.35556942 0.1952792  0.06668697 0.38543555 0.35950136]
val mIOU:0.300

epoch 21 train_loss:0.118 
train overall_acc:0.965 
train per_class_acc: [0.99073505 0.11152735 0.02888283 0.05949162 0.5823644  0.30368584
 0.48255157 0.4616081  0.24442023 0.09210154 0.52039135 0.3962326 ]
train per_class_iou: [0.96977264 0.08231957 0.02503988 0.0468821  0.5289123  0.22694652
 0.4128791  0.3730132  0.18554653 0.06567643 0.34595233 0.27682793]
train mIOU:0.295
epoch 21 val_loss:0.121 
val overall_acc:0.952 
val per_class_acc: [0.97885364 0.05966682 0.02927969 0.04344904 0.610583   0.2515522
 0.3819885  0.44058946 0.29788318 0.09377296 0.6525459  0.21213564]
vak per_class_iou: [0.9566018  0.05142914 0.02563243 0.03846496 0.56898195 0.21896648
 0.33451322 0.34731165 0.18712856 0.07007428 0.36750525 0.19828947]
val mIOU:0.280

epoch 22 train_loss:0.110 
train overall_acc:0.967 
train per_class_acc: [0.9912218  0.11829868 0.03569908 0.06768335 0.5953456  0.33422202
 0.49821076 0.49065775 0.24092297 0.09480383 0.5507929  0.41306517]
train per_class_iou: [0.9719239  0.08848271 0.03054203 0.05322706 0.54276305 0.2497309
 0.43840563 0.39652795 0.18345475 0.06765629 0.37417704 0.29693043]
train mIOU:0.308
epoch 22 val_loss:0.111 
val overall_acc:0.954 
val per_class_acc: [0.9786741  0.12121157 0.03613187 0.07296481 0.6632268  0.39799154
 0.39625373 0.45286733 0.3163398  0.11924448 0.71285397 0.42739886]
vak per_class_iou: [0.96022797 0.09506734 0.03144644 0.05748213 0.6115891  0.29028696
 0.34472978 0.3704656  0.23501655 0.08014169 0.3897748  0.30647767]
val mIOU:0.314

epoch 23 train_loss:0.109 
train overall_acc:0.967 
train per_class_acc: [0.9910947  0.1195318  0.03542125 0.06974361 0.6042645  0.33891323
 0.47838682 0.506356   0.2568875  0.11083724 0.5746122  0.40909135]
train per_class_iou: [0.9718967  0.08801735 0.03025933 0.05379103 0.54832304 0.25622606
 0.41615862 0.40983713 0.20140386 0.07600419 0.4001726  0.29472595]
train mIOU:0.312
epoch 23 val_loss:0.125 
val overall_acc:0.948 
val per_class_acc: [0.98173183 0.10145931 0.02688805 0.06712313 0.42306343 0.28450105
 0.4036652  0.49470216 0.30185583 0.08649921 0.5272784  0.3492207 ]
vak per_class_iou: [0.95102125 0.08107749 0.02416322 0.05449488 0.4098724  0.23801868
 0.3711079  0.38421515 0.23673877 0.0693585  0.4044818  0.2869056 ]
val mIOU:0.293

epoch 24 train_loss:0.106 
train overall_acc:0.968 
train per_class_acc: [0.9910982  0.12763399 0.04106979 0.07215889 0.57843626 0.3483677
 0.5116999  0.5088879  0.26353788 0.12172721 0.5735471  0.4318127 ]
train per_class_iou: [0.9725547  0.09438305 0.03429036 0.05675255 0.52555984 0.26687437
 0.4414149  0.41364098 0.20394127 0.08311378 0.4049942  0.30766174]
train mIOU:0.317
epoch 24 val_loss:0.127 
val overall_acc:0.949 
val per_class_acc: [0.9729798  0.11845068 0.05130174 0.04174322 0.7291246  0.06387291
 0.44950613 0.51622915 0.20791402 0.08780137 0.55680954 0.4529682 ]
vak per_class_iou: [0.95491797 0.09247262 0.04277457 0.03652412 0.5257954  0.0628046
 0.37387207 0.3855242  0.18258707 0.06863233 0.3902627  0.3511228 ]
val mIOU:0.289

epoch 25 train_loss:0.104 
train overall_acc:0.968 
train per_class_acc: [0.991218   0.12482034 0.04014103 0.07035157 0.61149085 0.3318278
 0.53851557 0.5186551  0.2500877  0.10986473 0.58378077 0.41385612]
train per_class_iou: [0.9730844  0.09238034 0.03360148 0.05591458 0.5528658  0.24773236
 0.46949187 0.41714978 0.19596499 0.07660691 0.39638683 0.29787025]
train mIOU:0.317
epoch 25 val_loss:0.120 
val overall_acc:0.953 
val per_class_acc: [0.977865   0.05135072 0.01126124 0.03227102 0.6336184  0.19763938
 0.39564255 0.4855959  0.23104616 0.07934847 0.51056165 0.49358717]
vak per_class_iou: [0.95768994 0.04619412 0.01059639 0.0287302  0.50628406 0.17440106
 0.34436733 0.398459   0.20576514 0.06304245 0.38792127 0.35704824]
val mIOU:0.290

epoch 26 train_loss:0.102 
train overall_acc:0.969 
train per_class_acc: [0.9912614  0.13696052 0.04885639 0.07788517 0.6401103  0.37030193
 0.50950533 0.5152412  0.24867103 0.12396677 0.6017846  0.4393203 ]
train per_class_iou: [0.9735571  0.10355555 0.04031094 0.06127046 0.5865305  0.28256074
 0.44284773 0.41626832 0.19212225 0.08516357 0.42126435 0.32142034]
train mIOU:0.327
epoch 26 val_loss:0.117 
val overall_acc:0.954 
val per_class_acc: [0.97967064 0.03266551 0.01603591 0.02329814 0.6505869  0.23050636
 0.4036742  0.47047937 0.26915947 0.07770921 0.5779592  0.17688465]
vak per_class_iou: [0.95761794 0.0310562  0.01507317 0.0216045  0.57729137 0.1949039
 0.36084425 0.38597885 0.22568144 0.06332627 0.3980609  0.16757837]
val mIOU:0.283

epoch 27 train_loss:0.102 
train overall_acc:0.968 
train per_class_acc: [0.9912877  0.13294633 0.04785221 0.07537329 0.6170946  0.35105222
 0.5159113  0.507154   0.27738222 0.11657966 0.58339953 0.4458696 ]
train per_class_iou: [0.97346115 0.09832895 0.03892483 0.0583869  0.563603   0.26778722
 0.44866213 0.40702268 0.21195607 0.08009428 0.40422782 0.33344162]
train mIOU:0.324
epoch 27 val_loss:0.111 
val overall_acc:0.955 
val per_class_acc: [0.9768249  0.16010407 0.03937368 0.14952244 0.60844976 0.4736089
 0.47929612 0.5320747  0.18891984 0.11130526 0.5971933  0.47530282]
vak per_class_iou: [0.96099305 0.11560973 0.03376174 0.09763908 0.56631875 0.29848185
 0.3857969  0.39397827 0.1741005  0.08592889 0.42966598 0.400175  ]
val mIOU:0.329

epoch 28 train_loss:0.101 
train overall_acc:0.969 
train per_class_acc: [0.9912542  0.14755015 0.05043848 0.08114936 0.6583007  0.40510374
 0.53081214 0.52641505 0.27584866 0.12922065 0.5928995  0.48287255]
train per_class_iou: [0.97410387 0.10976774 0.04208529 0.06302207 0.6027615  0.31201383
 0.45965382 0.41911536 0.21497874 0.08737954 0.41841826 0.3477943 ]
train mIOU:0.338
epoch 28 val_loss:0.111 
val overall_acc:0.954 
val per_class_acc: [0.97407967 0.1157703  0.06347806 0.117259   0.6872114  0.38927954
 0.4867795  0.54519755 0.24462038 0.14656672 0.6920883  0.37133327]
vak per_class_iou: [0.96009195 0.09308355 0.05117049 0.08581967 0.57707685 0.29847023
 0.3965256  0.38946396 0.21343794 0.10017622 0.42557877 0.2956737 ]
val mIOU:0.324

epoch 29 train_loss:0.096 
train overall_acc:0.970 
train per_class_acc: [0.9915168  0.14618719 0.06097411 0.08208503 0.6514735  0.4106439
 0.5149788  0.52505827 0.27935746 0.13728897 0.6121338  0.4724127 ]
train per_class_iou: [0.9753031  0.1101037  0.04912245 0.06433157 0.59661824 0.31211084
 0.4546701  0.4195849  0.21673214 0.09354501 0.42845792 0.34670338]
train mIOU:0.339
epoch 29 val_loss:0.104 
val overall_acc:0.956 
val per_class_acc: [0.97969824 0.20746756 0.0799549  0.09009497 0.58145964 0.4610171
 0.40047073 0.4987928  0.3198074  0.14647706 0.5465457  0.6059598 ]
vak per_class_iou: [0.96195465 0.138725   0.06276605 0.06897068 0.5561936  0.3102143
 0.35951084 0.41177577 0.24328293 0.10733708 0.4376261  0.40361765]
val mIOU:0.338

epoch 30 train_loss:0.099 
train overall_acc:0.969 
train per_class_acc: [0.9913781  0.14290306 0.05744292 0.07978887 0.6026111  0.3971441
 0.50090605 0.51134807 0.25533208 0.12358897 0.59691876 0.4357123 ]
train per_class_iou: [0.97445005 0.10473902 0.04693063 0.06211117 0.5487483  0.30358705
 0.43627924 0.40793982 0.19784795 0.08433583 0.42836082 0.29809907]
train mIOU:0.324
epoch 30 val_loss:0.109 
val overall_acc:0.955 
val per_class_acc: [0.97962296 0.09752323 0.04758825 0.04832949 0.5840589  0.32718307
 0.5482983  0.4896343  0.33336493 0.08444376 0.70737064 0.47887427]
vak per_class_iou: [0.96069336 0.08164696 0.04088662 0.04227148 0.5593984  0.2860045
 0.42427126 0.38950837 0.2557178  0.06378837 0.38888156 0.35255006]
val mIOU:0.320

