epoch 1 train_loss:1.938 
train overall_acc:0.797 
train per_class_acc: [0.8611682  0.0676923  0.1097445  0.01494511 0.10985191 0.07224486
 0.01268099 0.16224416 0.13049984 0.01059358 0.22902083 0.060417  ]
train per_class_iou: [0.81342536 0.02754081 0.01628876 0.00291025 0.05314634 0.02370988
 0.00448082 0.04574481 0.00506534 0.002072   0.03352437 0.00662923]
train mIOU:0.086
epoch 1 val_loss:1.329 
val overall_acc:0.882 
val per_class_acc: [9.5536369e-01 2.8756503e-02 1.0302006e-03 3.8339375e-04 4.3338254e-02
 5.4801989e-02 1.2219822e-02 3.8675916e-01 1.2424697e-02 7.8047015e-04
 9.7499162e-02 2.8737912e-01]
vak per_class_iou: [8.9121777e-01 2.2418601e-02 9.8167930e-04 3.7599509e-04 2.3868240e-02
 4.4030856e-02 7.0794756e-03 1.0464929e-01 5.5150683e-03 7.2542042e-04
 4.7527838e-02 6.0660701e-02]
val mIOU:0.101

epoch 2 train_loss:0.607 
train overall_acc:0.898 
train per_class_acc: [9.7872293e-01 1.3434885e-04 8.5126623e-05 8.1446487e-06 1.4502381e-02
 4.8348727e-04 7.7950984e-04 6.5994514e-03 2.4534005e-04 2.2820630e-05
 1.1035921e-03 4.6875002e-03]
train per_class_iou: [8.9839530e-01 1.1368478e-04 3.2245316e-05 8.0166747e-06 1.2196596e-03
 4.3393046e-04 2.4460763e-04 3.2057879e-03 1.0454673e-04 2.1153575e-05
 7.6735788e-04 8.6605083e-05]
train mIOU:0.075
epoch 2 val_loss:0.388 
val overall_acc:0.895 
val per_class_acc: [0.9722222 0.        0.        0.        0.        0.        0.
 0.        0.        0.        0.        0.       ]
vak per_class_iou: [0.8950883 0.        0.        0.        0.        0.        0.
 0.        0.        0.        0.        0.       ]
val mIOU:0.075

epoch 3 train_loss:0.398 
train overall_acc:0.910 
train per_class_acc: [9.9285245e-01 0.0000000e+00 0.0000000e+00 0.0000000e+00 5.6133194e-05
 0.0000000e+00 0.0000000e+00 0.0000000e+00 0.0000000e+00 0.0000000e+00
 0.0000000e+00 0.0000000e+00]
train per_class_iou: [9.102405e-01 0.000000e+00 0.000000e+00 0.000000e+00 5.560143e-05
 0.000000e+00 0.000000e+00 0.000000e+00 0.000000e+00 0.000000e+00
 0.000000e+00 0.000000e+00]
train mIOU:0.076
epoch 3 val_loss:0.371 
val overall_acc:0.896 
val per_class_acc: [9.7222209e-01 0.0000000e+00 0.0000000e+00 0.0000000e+00 3.4733512e-07
 0.0000000e+00 0.0000000e+00 0.0000000e+00 0.0000000e+00 0.0000000e+00
 0.0000000e+00 0.0000000e+00]
vak per_class_iou: [8.9586663e-01 0.0000000e+00 0.0000000e+00 0.0000000e+00 3.4716149e-07
 0.0000000e+00 0.0000000e+00 0.0000000e+00 0.0000000e+00 0.0000000e+00
 0.0000000e+00 0.0000000e+00]
val mIOU:0.075

epoch 4 train_loss:0.386 
train overall_acc:0.910 
train per_class_acc: [9.9284941e-01 0.0000000e+00 0.0000000e+00 0.0000000e+00 3.8778839e-05
 0.0000000e+00 0.0000000e+00 9.8320441e-03 0.0000000e+00 0.0000000e+00
 2.5551886e-05 1.8562042e-04]
train per_class_iou: [9.1028500e-01 0.0000000e+00 0.0000000e+00 0.0000000e+00 3.7860893e-05
 0.0000000e+00 0.0000000e+00 9.7367698e-03 0.0000000e+00 0.0000000e+00
 2.5441952e-05 1.7358761e-04]
train mIOU:0.077
epoch 4 val_loss:0.364 
val overall_acc:0.895 
val per_class_acc: [9.7217762e-01 0.0000000e+00 0.0000000e+00 0.0000000e+00 0.0000000e+00
 0.0000000e+00 0.0000000e+00 2.7739935e-02 0.0000000e+00 0.0000000e+00
 4.1020590e-05 4.0819733e-03]
vak per_class_iou: [8.9552784e-01 0.0000000e+00 0.0000000e+00 0.0000000e+00 0.0000000e+00
 0.0000000e+00 0.0000000e+00 2.7073158e-02 0.0000000e+00 0.0000000e+00
 4.1005453e-05 3.2453120e-03]
val mIOU:0.077

epoch 5 train_loss:0.378 
train overall_acc:0.911 
train per_class_acc: [9.9273270e-01 0.0000000e+00 0.0000000e+00 5.7234433e-06 1.2700881e-04
 1.9733101e-04 2.3398609e-04 9.0401731e-02 0.0000000e+00 0.0000000e+00
 2.6395777e-04 1.3055598e-02]
train per_class_iou: [9.1090822e-01 0.0000000e+00 0.0000000e+00 5.7234433e-06 1.0216406e-04
 1.9136511e-04 2.3342377e-04 8.4677488e-02 0.0000000e+00 0.0000000e+00
 2.6252965e-04 6.6188248e-03]
train mIOU:0.084
epoch 5 val_loss:0.351 
val overall_acc:0.895 
val per_class_acc: [9.72184718e-01 0.00000000e+00 0.00000000e+00 0.00000000e+00
 0.00000000e+00 1.35773735e-04 9.02256870e-05 1.19830355e-01
 0.00000000e+00 0.00000000e+00 6.58414559e-04 5.13965450e-03]
vak per_class_iou: [8.9547563e-01 0.0000000e+00 0.0000000e+00 0.0000000e+00 0.0000000e+00
 1.3432749e-04 9.0225614e-05 1.1403641e-01 0.0000000e+00 0.0000000e+00
 6.5365096e-04 4.5383158e-03]
val mIOU:0.085

epoch 6 train_loss:0.367 
train overall_acc:0.911 
train per_class_acc: [9.9255657e-01 0.0000000e+00 0.0000000e+00 0.0000000e+00 3.1835059e-04
 5.2222027e-03 6.9424394e-03 1.7735055e-01 0.0000000e+00 0.0000000e+00
 3.5981233e-03 1.2843711e-02]
train per_class_iou: [9.1157591e-01 0.0000000e+00 0.0000000e+00 0.0000000e+00 3.0908780e-04
 4.0283385e-03 6.5984745e-03 1.5369533e-01 0.0000000e+00 0.0000000e+00
 3.2676440e-03 8.7005151e-03]
train mIOU:0.091
epoch 6 val_loss:0.342 
val overall_acc:0.896 
val per_class_acc: [0.9710293  0.         0.         0.         0.00350414 0.00290414
 0.01891226 0.24821809 0.         0.         0.         0.00466265]
vak per_class_iou: [0.89728194 0.         0.         0.         0.00336275 0.00255512
 0.01427216 0.17256427 0.         0.         0.         0.00347369]
val mIOU:0.091

epoch 7 train_loss:0.358 
train overall_acc:0.910 
train per_class_acc: [9.9090815e-01 2.0161782e-04 5.0160515e-06 8.0761420e-06 4.1623334e-03
 1.2220600e-02 4.8891287e-02 2.9016760e-01 0.0000000e+00 0.0000000e+00
 5.0327615e-03 1.5600667e-02]
train per_class_iou: [9.1125077e-01 1.9401254e-04 5.0160515e-06 8.0000173e-06 3.3649260e-03
 9.6453223e-03 4.0776368e-02 2.1756701e-01 0.0000000e+00 0.0000000e+00
 4.3736105e-03 6.8526324e-03]
train mIOU:0.100
epoch 7 val_loss:0.350 
val overall_acc:0.895 
val per_class_acc: [9.65723157e-01 8.71871307e-04 0.00000000e+00 0.00000000e+00
 6.76988624e-03 6.54433966e-02 1.72094926e-01 2.95569152e-01
 0.00000000e+00 0.00000000e+00 1.10158445e-02 1.08802831e-02]
vak per_class_iou: [8.9711612e-01 8.5872074e-04 0.0000000e+00 0.0000000e+00 6.2266239e-03
 5.3584561e-02 1.3177943e-01 2.0500761e-01 0.0000000e+00 0.0000000e+00
 6.4850319e-03 9.7445315e-03]
val mIOU:0.109

epoch 8 train_loss:0.348 
train overall_acc:0.913 
train per_class_acc: [9.9004954e-01 2.0821432e-03 0.0000000e+00 4.0477917e-05 2.0867970e-03
 2.2344282e-02 9.2766643e-02 3.1701559e-01 0.0000000e+00 0.0000000e+00
 5.1261388e-02 6.2070726e-03]
train per_class_iou: [9.1392010e-01 1.9552743e-03 0.0000000e+00 3.8951108e-05 1.6508037e-03
 1.8055588e-02 7.5168088e-02 2.3718032e-01 0.0000000e+00 0.0000000e+00
 3.9514605e-02 4.7083125e-03]
train mIOU:0.108
epoch 8 val_loss:0.324 
val overall_acc:0.896 
val per_class_acc: [9.7152591e-01 1.5490379e-03 0.0000000e+00 0.0000000e+00 1.7882558e-05
 1.1153053e-02 2.6731361e-02 2.9308933e-01 0.0000000e+00 0.0000000e+00
 6.5909363e-02 4.0873149e-04]
vak per_class_iou: [8.9760453e-01 1.4968677e-03 0.0000000e+00 0.0000000e+00 1.7881805e-05
 9.7210445e-03 1.9607948e-02 2.3617683e-01 0.0000000e+00 0.0000000e+00
 4.9624786e-02 4.0632818e-04]
val mIOU:0.101

epoch 9 train_loss:0.329 
train overall_acc:0.914 
train per_class_acc: [9.89452481e-01 5.02347713e-03 1.95402481e-05 4.23926191e-04
 3.92665947e-03 2.85896957e-02 1.42332435e-01 3.33060980e-01
 3.02989269e-03 0.00000000e+00 1.11469254e-01 1.11753494e-02]
train per_class_iou: [9.1536790e-01 4.5236358e-03 1.9443811e-05 3.8626921e-04 3.3938137e-03
 2.1962970e-02 1.1801299e-01 2.5158182e-01 2.9567550e-03 0.0000000e+00
 7.8258999e-02 8.9164320e-03]
train mIOU:0.117
epoch 9 val_loss:0.297 
val overall_acc:0.903 
val per_class_acc: [9.6878135e-01 2.6664427e-03 2.2010918e-05 3.2572896e-04 5.7940416e-02
 9.9860713e-02 2.1679275e-01 3.5506836e-01 7.5551528e-05 0.0000000e+00
 1.5663904e-01 2.6343504e-04]
vak per_class_iou: [9.0683025e-01 2.5789263e-03 2.1993490e-05 3.0073410e-04 3.9153263e-02
 7.7715874e-02 1.8534106e-01 2.8568292e-01 7.5551528e-05 0.0000000e+00
 1.1300826e-01 2.6191567e-04]
val mIOU:0.134

epoch 10 train_loss:0.312 
train overall_acc:0.917 
train per_class_acc: [9.8849583e-01 1.1881048e-02 7.0471411e-05 8.5615335e-05 8.6446153e-03
 3.1868465e-02 2.1551979e-01 3.3579221e-01 3.7257459e-03 0.0000000e+00
 1.0465693e-01 6.9409763e-03]
train per_class_iou: [9.1946715e-01 9.9756736e-03 7.0045797e-05 8.3781350e-05 6.5205223e-03
 2.5120365e-02 1.7857496e-01 2.6052490e-01 3.7044913e-03 0.0000000e+00
 7.9289369e-02 4.5502759e-03]
train mIOU:0.124
epoch 10 val_loss:0.344 
val overall_acc:0.894 
val per_class_acc: [9.72058952e-01 9.18596284e-04 0.00000000e+00 0.00000000e+00
 0.00000000e+00 1.10014706e-04 6.64167805e-04 3.03050488e-01
 1.10734059e-02 0.00000000e+00 6.80860784e-03 2.82904424e-04]
vak per_class_iou: [8.9476299e-01 8.9365244e-04 0.0000000e+00 0.0000000e+00 0.0000000e+00
 1.0928808e-04 6.5945665e-04 2.5010750e-01 1.0081243e-02 0.0000000e+00
 6.6994475e-03 2.8215122e-04]
val mIOU:0.097

epoch 11 train_loss:0.323 
train overall_acc:0.915 
train per_class_acc: [9.8957878e-01 1.5192204e-02 1.5680137e-04 0.0000000e+00 2.6970545e-03
 2.3095362e-02 1.2657142e-01 3.4190696e-01 3.3557399e-03 0.0000000e+00
 1.4375901e-01 5.8448119e-03]
train per_class_iou: [9.1640449e-01 1.2818926e-02 1.5394730e-04 0.0000000e+00 2.5012752e-03
 1.9000052e-02 1.0751328e-01 2.6833332e-01 3.3089186e-03 0.0000000e+00
 9.4511390e-02 4.1336184e-03]
train mIOU:0.119
epoch 11 val_loss:0.310 
val overall_acc:0.898 
val per_class_acc: [9.7205693e-01 2.0371874e-04 0.0000000e+00 0.0000000e+00 4.9456154e-05
 1.1904422e-05 4.7448326e-02 3.0117136e-01 0.0000000e+00 0.0000000e+00
 1.3088770e-04 0.0000000e+00]
vak per_class_iou: [8.9874035e-01 2.0279671e-04 0.0000000e+00 0.0000000e+00 4.9433122e-05
 1.1904422e-05 4.4108603e-02 2.5838867e-01 0.0000000e+00 0.0000000e+00
 1.3001198e-04 0.0000000e+00]
val mIOU:0.100

epoch 12 train_loss:0.332 
train overall_acc:0.914 
train per_class_acc: [9.8991621e-01 1.2063569e-02 5.2074587e-04 6.1470369e-06 6.5021985e-03
 2.0058427e-02 1.2702203e-01 2.7626219e-01 1.0583638e-02 0.0000000e+00
 1.3710284e-01 3.0757124e-03]
train per_class_iou: [9.15031970e-01 1.05509609e-02 5.12948085e-04 6.09458766e-06
 5.34598250e-03 1.80773474e-02 1.07228793e-01 2.25372612e-01
 9.18315910e-03 0.00000000e+00 1.02082066e-01 2.55768630e-03]
train mIOU:0.116
epoch 12 val_loss:0.323 
val overall_acc:0.896 
val per_class_acc: [0.9706722  0.07339815 0.00271435 0.         0.00189928 0.01898797
 0.00630845 0.30615717 0.105524   0.         0.22621526 0.01305968]
vak per_class_iou: [0.8997077  0.05119    0.00259572 0.         0.00185501 0.01789824
 0.00613478 0.25293687 0.067314   0.         0.12742911 0.00974328]
val mIOU:0.120

epoch 13 train_loss:0.316 
train overall_acc:0.914 
train per_class_acc: [9.8943931e-01 3.3305954e-02 9.2027453e-04 4.7423509e-05 5.9085861e-03
 4.5953505e-02 1.6805755e-01 3.2617179e-01 2.4125867e-02 1.5698588e-05
 1.6248359e-01 2.0781396e-02]
train per_class_iou: [9.1639984e-01 2.5795370e-02 8.9227787e-04 4.7179397e-05 5.1786415e-03
 3.7611462e-02 1.4265178e-01 2.6718223e-01 1.7803639e-02 1.5698588e-05
 1.1407153e-01 1.2569082e-02]
train mIOU:0.128
epoch 13 val_loss:0.318 
val overall_acc:0.897 
val per_class_acc: [9.67935979e-01 5.49248867e-02 1.59005192e-03 2.83263740e-04
 7.69933090e-02 9.79439318e-02 2.66819280e-02 3.73692155e-01
 4.76657879e-03 0.00000000e+00 1.16449885e-01 5.20838983e-03]
vak per_class_iou: [9.0258193e-01 4.1067656e-02 1.5536766e-03 2.7929142e-04 4.8542187e-02
 7.6289587e-02 2.6332280e-02 2.7870417e-01 4.7347443e-03 0.0000000e+00
 8.7927446e-02 5.0598066e-03]
val mIOU:0.123

epoch 14 train_loss:0.290 
train overall_acc:0.920 
train per_class_acc: [9.8889804e-01 2.4899360e-02 2.9369160e-03 1.9717604e-04 2.2262504e-02
 3.2926038e-02 2.3600785e-01 3.5750407e-01 2.0288339e-02 4.1977936e-04
 1.7901337e-01 8.0508543e-03]
train per_class_iou: [9.22640026e-01 2.07781084e-02 2.78472179e-03 1.95647139e-04
 1.84924509e-02 2.67060045e-02 2.04844087e-01 2.82657027e-01
 1.93980485e-02 4.09939064e-04 1.21292606e-01 5.89983119e-03]
train mIOU:0.136
epoch 14 val_loss:0.306 
val overall_acc:0.902 
val per_class_acc: [9.6978611e-01 5.3324010e-03 9.1242138e-04 1.9924849e-04 3.6150767e-04
 9.1536371e-03 2.1687204e-01 3.7264717e-01 1.6537625e-02 1.7727959e-03
 9.3880989e-02 2.6264349e-03]
vak per_class_iou: [9.0272057e-01 5.0871698e-03 9.0128998e-04 1.9719295e-04 3.6089923e-04
 8.3741751e-03 1.8984003e-01 2.9067779e-01 1.6329117e-02 1.7535513e-03
 8.1125051e-02 2.5846865e-03]
val mIOU:0.125

epoch 15 train_loss:0.280 
train overall_acc:0.920 
train per_class_acc: [9.8808879e-01 2.4960930e-02 5.5991882e-03 3.7799883e-04 3.1336684e-02
 3.6061574e-02 2.7849805e-01 3.5684162e-01 3.8254526e-02 4.9751374e-04
 1.8583828e-01 7.3626135e-03]
train per_class_iou: [9.2293483e-01 2.1175141e-02 5.2124425e-03 3.7225298e-04 2.4305813e-02
 2.9985083e-02 2.4239899e-01 2.8159323e-01 3.5288732e-02 4.8988225e-04
 1.2271973e-01 5.9709484e-03]
train mIOU:0.141
epoch 15 val_loss:0.268 
val overall_acc:0.905 
val per_class_acc: [9.6976441e-01 1.2036933e-02 2.0683454e-03 4.5138342e-05 1.6129164e-02
 5.0169425e-03 2.4434839e-01 3.5779282e-01 2.5598539e-02 2.0439866e-05
 1.8951774e-01 2.4138766e-04]
vak per_class_iou: [9.0640163e-01 1.1027514e-02 2.0357664e-03 4.5005130e-05 1.5183102e-02
 4.7539715e-03 2.1982147e-01 2.9484794e-01 2.4688667e-02 2.0439866e-05
 1.4043730e-01 2.4097998e-04]
val mIOU:0.135

epoch 16 train_loss:0.287 
train overall_acc:0.919 
train per_class_acc: [9.8806024e-01 2.1311572e-02 5.3498503e-03 7.9102558e-04 3.1797070e-02
 2.0544745e-02 2.6091686e-01 3.0811128e-01 4.0290341e-02 4.4113793e-04
 1.9831501e-01 2.8447816e-03]
train per_class_iou: [9.2142016e-01 1.7933065e-02 4.7799987e-03 7.5994350e-04 2.3577917e-02
 1.7872266e-02 2.2391981e-01 2.4524760e-01 3.6361825e-02 4.3465715e-04
 1.2829851e-01 2.1837198e-03]
train mIOU:0.135
epoch 16 val_loss:0.286 
val overall_acc:0.902 
val per_class_acc: [9.7162002e-01 4.2699394e-03 3.1766836e-03 0.0000000e+00 1.1231854e-02
 1.2284607e-03 1.4936841e-01 3.3997205e-01 3.7479773e-02 4.5989698e-05
 1.3493638e-01 0.0000000e+00]
vak per_class_iou: [9.03257072e-01 4.10902314e-03 3.08623305e-03 0.00000000e+00
 1.06423199e-02 1.21536211e-03 1.45807669e-01 2.74924368e-01
 3.35549302e-02 4.59896983e-05 1.09073855e-01 0.00000000e+00]
val mIOU:0.124

epoch 17 train_loss:0.270 
train overall_acc:0.922 
train per_class_acc: [9.8824835e-01 3.0907379e-02 7.9633528e-03 2.0467550e-03 6.4077415e-02
 4.4407777e-02 2.3285079e-01 3.4592277e-01 6.7216381e-02 8.2275493e-04
 2.2784962e-01 1.7485298e-02]
train per_class_iou: [9.2553872e-01 2.5783099e-02 7.2753406e-03 1.8706702e-03 4.6918329e-02
 3.6607243e-02 2.0594737e-01 2.7444667e-01 5.7365581e-02 7.9936691e-04
 1.4977008e-01 1.2210817e-02]
train mIOU:0.145
epoch 17 val_loss:0.297 
val overall_acc:0.900 
val per_class_acc: [9.6026611e-01 1.3930935e-02 5.3000920e-03 2.5283589e-04 1.0249327e-01
 5.2429222e-02 3.4246528e-01 3.0997756e-01 4.7331676e-04 0.0000000e+00
 7.3115356e-02 0.0000000e+00]
vak per_class_iou: [9.0714306e-01 1.3062364e-02 4.9295900e-03 2.5116530e-04 6.6236913e-02
 4.7343567e-02 2.1053869e-01 2.5238359e-01 4.7331676e-04 0.0000000e+00
 6.2039241e-02 0.0000000e+00]
val mIOU:0.130

epoch 18 train_loss:0.256 
train overall_acc:0.923 
train per_class_acc: [9.8759538e-01 3.1117719e-02 7.5278366e-03 1.3600392e-03 8.9669690e-02
 4.0466845e-02 2.6860490e-01 3.4147835e-01 6.7000970e-02 5.4004183e-04
 2.2488776e-01 1.0368358e-03]
train per_class_iou: [9.2712808e-01 2.5486022e-02 6.9931741e-03 1.3044496e-03 6.7151532e-02
 3.2394871e-02 2.3936650e-01 2.7672201e-01 5.9236016e-02 5.2336074e-04
 1.3967094e-01 9.0283679e-04]
train mIOU:0.148
epoch 18 val_loss:0.262 
val overall_acc:0.903 
val per_class_acc: [0.9704373  0.10392199 0.00807062 0.00658828 0.04858708 0.13232012
 0.10283903 0.38956994 0.0857231  0.01350423 0.06609868 0.00746662]
vak per_class_iou: [0.90699714 0.06639519 0.00760797 0.00600919 0.04184599 0.09635273
 0.10143539 0.29242986 0.06633276 0.01158081 0.05371463 0.00729547]
val mIOU:0.138

epoch 19 train_loss:0.237 
train overall_acc:0.927 
train per_class_acc: [0.98714435 0.03611216 0.01109274 0.00357921 0.11008796 0.06516864
 0.30389386 0.36989975 0.08408556 0.0024814  0.27491286 0.0172285 ]
train per_class_iou: [0.931164   0.02896467 0.00998209 0.00340332 0.08581174 0.04536393
 0.27227932 0.29988655 0.06749526 0.00218357 0.1761042  0.01465397]
train mIOU:0.161
epoch 19 val_loss:0.228 
val overall_acc:0.908 
val per_class_acc: [9.6959347e-01 1.4274751e-02 6.7641144e-03 1.8989998e-04 1.2407233e-01
 8.7654898e-03 2.2499906e-01 3.4665477e-01 1.1155257e-01 0.0000000e+00
 1.9097917e-01 1.0757083e-03]
vak per_class_iou: [9.1045040e-01 1.3318678e-02 6.3246950e-03 1.8904687e-04 1.0593460e-01
 8.1836600e-03 2.1422173e-01 2.8475371e-01 8.5369892e-02 0.0000000e+00
 1.5850639e-01 1.0756166e-03]
val mIOU:0.149

epoch 20 train_loss:0.238 
train overall_acc:0.926 
train per_class_acc: [0.9857449  0.03573156 0.00895576 0.00186483 0.14647356 0.04022164
 0.29564512 0.3744839  0.10831969 0.00144112 0.26825643 0.0222396 ]
train per_class_iou: [0.9310305  0.02921509 0.0083453  0.00180602 0.1074181  0.03247472
 0.26296568 0.3060422  0.08518931 0.00137446 0.17875873 0.01518515]
train mIOU:0.163
epoch 20 val_loss:0.224 
val overall_acc:0.911 
val per_class_acc: [9.6792018e-01 2.6823265e-02 1.3900684e-02 8.7091193e-04 1.3546337e-01
 6.0881987e-02 2.9363075e-01 3.9191589e-01 3.0007677e-02 9.9383818e-05
 2.6803705e-01 2.2453063e-03]
vak per_class_iou: [9.17212069e-01 2.39037238e-02 1.24197453e-02 8.62723624e-04
 1.00263156e-01 5.48468418e-02 2.55011618e-01 3.21696728e-01
 2.62305588e-02 9.92063506e-05 1.88792378e-01 2.23710435e-03]
val mIOU:0.159

epoch 21 train_loss:0.228 
train overall_acc:0.928 
train per_class_acc: [0.98497653 0.03984259 0.01109848 0.00413613 0.18897645 0.07744004
 0.3424382  0.3782439  0.09885053 0.00754812 0.29990053 0.04390813]
train per_class_iou: [0.93388736 0.03170042 0.00994579 0.00383263 0.1339023  0.06007677
 0.29960606 0.30650544 0.07658417 0.00597564 0.19650067 0.02600051]
train mIOU:0.174
epoch 21 val_loss:0.216 
val overall_acc:0.911 
val per_class_acc: [0.96937656 0.05432808 0.00438985 0.00140246 0.1782429  0.0946713
 0.14888924 0.4199939  0.1049756  0.01145202 0.32101187 0.02086162]
vak per_class_iou: [0.91719604 0.04291045 0.00421098 0.00137422 0.14605074 0.08398104
 0.14103314 0.32544792 0.08821604 0.01026093 0.20830601 0.02049472]
val mIOU:0.166

epoch 22 train_loss:0.219 
train overall_acc:0.933 
train per_class_acc: [0.98412293 0.0431233  0.0101029  0.0042006  0.3019878  0.09849315
 0.3358302  0.38656545 0.09432665 0.00639041 0.28827384 0.0411577 ]
train per_class_iou: [0.938465   0.03406113 0.00915846 0.0039583  0.21896552 0.07365212
 0.30460083 0.31532556 0.07635875 0.00540887 0.19457558 0.03034228]
train mIOU:0.184
epoch 22 val_loss:0.253 
val overall_acc:0.891 
val per_class_acc: [0.9256148  0.06195546 0.01718861 0.0015594  0.6437758  0.04334582
 0.2532431  0.45230845 0.07538989 0.00441867 0.2858192  0.01941177]
vak per_class_iou: [0.9012684  0.0487975  0.0152016  0.00151958 0.26130766 0.03395239
 0.23422694 0.35391033 0.06466926 0.0041287  0.20042545 0.01821061]
val mIOU:0.178

epoch 23 train_loss:0.236 
train overall_acc:0.929 
train per_class_acc: [0.9850067  0.04094595 0.01101452 0.00419105 0.19270214 0.08040281
 0.32286286 0.3762181  0.10327388 0.00695126 0.28301284 0.0280617 ]
train per_class_iou: [0.9341365  0.0320534  0.00962466 0.00394461 0.1411662  0.0612424
 0.28577697 0.30358985 0.07909655 0.00597961 0.19482362 0.02479429]
train mIOU:0.173
epoch 23 val_loss:0.205 
val overall_acc:0.917 
val per_class_acc: [0.95981354 0.05961467 0.01379473 0.00728083 0.46995062 0.06105558
 0.20592205 0.41534406 0.12435847 0.04091355 0.27761757 0.01660503]
vak per_class_iou: [0.92406625 0.04692422 0.01279939 0.00680526 0.3192576  0.05436898
 0.20033015 0.3448252  0.09901278 0.03172092 0.18814327 0.0160737 ]
val mIOU:0.187

epoch 24 train_loss:0.222 
train overall_acc:0.932 
train per_class_acc: [0.9847825  0.04656511 0.00897392 0.00404913 0.263444   0.09457452
 0.35149944 0.395025   0.13146001 0.01185001 0.32913014 0.05062775]
train per_class_iou: [0.9382294  0.03670646 0.0083216  0.00379693 0.19221775 0.07373184
 0.31342337 0.32196966 0.10633945 0.00987696 0.22010551 0.03406814]
train mIOU:0.188
epoch 24 val_loss:0.193 
val overall_acc:0.923 
val per_class_acc: [0.9629718  0.09074355 0.00907653 0.00936798 0.4454991  0.21944831
 0.3284828  0.3718066  0.19347    0.02224568 0.325717   0.15051454]
vak per_class_iou: [0.9285661  0.06541633 0.00851866 0.00883614 0.36482325 0.16568726
 0.30373195 0.3052571  0.1439471  0.01872402 0.23665063 0.11991489]
val mIOU:0.223

epoch 25 train_loss:0.205 
train overall_acc:0.938 
train per_class_acc: [0.9830675  0.04846749 0.009089   0.00421281 0.39425415 0.10580983
 0.33565205 0.3690434  0.16325195 0.01760472 0.37146413 0.03756567]
train per_class_iou: [0.9440094  0.03891468 0.00853618 0.00402308 0.29656553 0.08011305
 0.30463028 0.29822516 0.12944269 0.01479824 0.24440673 0.0277875 ]
train mIOU:0.199
epoch 25 val_loss:0.200 
val overall_acc:0.924 
val per_class_acc: [9.6746761e-01 4.9612802e-02 4.4916403e-03 3.6622186e-03 4.1628629e-01
 1.7384623e-01 2.6988313e-01 3.0176777e-01 4.2728812e-02 5.5488304e-04
 3.3974352e-01 1.6498318e-02]
vak per_class_iou: [9.2911148e-01 3.9201371e-02 4.3722894e-03 3.5269335e-03 3.5375631e-01
 1.2889546e-01 2.5002491e-01 2.7217087e-01 3.8107418e-02 5.4638996e-04
 2.2541054e-01 1.6497562e-02]
val mIOU:0.188

epoch 26 train_loss:0.209 
train overall_acc:0.939 
train per_class_acc: [0.9844605  0.0512707  0.00753306 0.00539067 0.38876605 0.12726481
 0.34299448 0.33355778 0.10738863 0.02109532 0.33965573 0.05209893]
train per_class_iou: [0.9446239  0.04026711 0.00709493 0.00504698 0.29718062 0.09982835
 0.30883044 0.2727371  0.08735359 0.01593714 0.22519311 0.0358999 ]
train mIOU:0.195
epoch 26 val_loss:0.196 
val overall_acc:0.920 
val per_class_acc: [0.95710206 0.04046258 0.02080475 0.00349707 0.5446691  0.09879157
 0.19788487 0.42239803 0.17094482 0.05343617 0.42143077 0.28204924]
vak per_class_iou: [0.9265323  0.03472732 0.01874107 0.00336788 0.35180888 0.09085882
 0.1857614  0.35074216 0.14115328 0.04404431 0.26158488 0.21904965]
val mIOU:0.219

epoch 27 train_loss:0.197 
train overall_acc:0.943 
train per_class_acc: [0.9843409  0.05495379 0.01212934 0.00781276 0.48050204 0.130354
 0.36942753 0.36733094 0.1640689  0.02623825 0.36757216 0.09274973]
train per_class_iou: [0.9480408  0.04360399 0.01108832 0.00730791 0.38308877 0.09910624
 0.33375183 0.30016026 0.13055688 0.02061122 0.23603235 0.06215931]
train mIOU:0.215
epoch 27 val_loss:0.224 
val overall_acc:0.914 
val per_class_acc: [0.95971066 0.03976832 0.0013415  0.00348253 0.5078902  0.13077992
 0.09846903 0.33413747 0.04310066 0.00588143 0.30895677 0.        ]
vak per_class_iou: [0.92893624 0.03433081 0.00132137 0.00335483 0.31260332 0.10577444
 0.09146421 0.28788936 0.04150053 0.00554313 0.19689067 0.        ]
val mIOU:0.167

epoch 28 train_loss:0.194 
train overall_acc:0.943 
train per_class_acc: [0.9847773  0.05692671 0.01156247 0.01083175 0.46932516 0.10431255
 0.36168233 0.3896701  0.1561683  0.03088709 0.39549324 0.02572134]
train per_class_iou: [0.94868046 0.04377851 0.01063745 0.00967909 0.36996764 0.08071148
 0.327504   0.32555357 0.12716176 0.02381509 0.26612362 0.01746414]
train mIOU:0.213
epoch 28 val_loss:0.184 
val overall_acc:0.926 
val per_class_acc: [0.9683463  0.08922563 0.01147492 0.00501896 0.40579778 0.18805467
 0.22281276 0.43300983 0.18982439 0.04413565 0.38570854 0.0123657 ]
vak per_class_iou: [0.9318582  0.06694093 0.01073186 0.00491247 0.35451663 0.14647742
 0.20754495 0.35097423 0.1507943  0.03729074 0.24323773 0.01222347]
val mIOU:0.210

epoch 29 train_loss:0.179 
train overall_acc:0.946 
train per_class_acc: [0.9851307  0.05214709 0.01594747 0.01218055 0.46657518 0.12866367
 0.4061565  0.40491268 0.18235265 0.03910073 0.41307542 0.05328612]
train per_class_iou: [0.9519651  0.04206153 0.01420389 0.0110039  0.37288523 0.09307873
 0.37416568 0.3376165  0.14294371 0.02993782 0.278045   0.04292139]
train mIOU:0.224
epoch 29 val_loss:0.197 
val overall_acc:0.924 
val per_class_acc: [0.9600706  0.09107699 0.02323766 0.01524399 0.4678964  0.3349861
 0.29699764 0.39751434 0.16100968 0.02828973 0.32504427 0.20097774]
vak per_class_iou: [0.9322336  0.06736168 0.02080204 0.01408622 0.37965888 0.21539503
 0.23643547 0.32260892 0.13381597 0.02529459 0.23583017 0.13202263]
val mIOU:0.226

epoch 30 train_loss:0.176 
train overall_acc:0.948 
train per_class_acc: [0.9857774  0.07205445 0.01593793 0.01699339 0.5010262  0.16655752
 0.35250068 0.42427555 0.18593012 0.0473696  0.41740358 0.02418057]
train per_class_iou: [0.9536922  0.05584936 0.01444076 0.01464107 0.41469666 0.12144409
 0.31985015 0.34479946 0.13956602 0.03497822 0.276562   0.02043265]
train mIOU:0.226
epoch 30 val_loss:0.172 
val overall_acc:0.931 
val per_class_acc: [0.9655672  0.09473298 0.03672684 0.05919868 0.4986416  0.316537
 0.34258494 0.43342277 0.18268009 0.13186963 0.39990735 0.1046266 ]
vak per_class_iou: [0.93676114 0.07247187 0.03129498 0.04710684 0.4484352  0.21749666
 0.30253488 0.36259797 0.14870031 0.07586816 0.27100626 0.09171287]
val mIOU:0.250

