epoch 1 train_loss:1.842 
train overall_acc:0.772 
train per_class_acc: [8.3548045e-01 7.9232007e-03 3.3357214e-02 1.1547965e-01 1.0203619e-01
 8.1744619e-02 1.0961188e-01 1.5105328e-01 1.9965418e-02 3.9929480e-04
 1.6645209e-01 5.4167345e-02]
train per_class_iou: [7.9179507e-01 4.0841298e-03 6.8659647e-03 1.0014932e-02 3.6704805e-02
 2.0337623e-02 2.7073584e-02 6.1781134e-02 3.6134457e-03 3.8312570e-05
 3.0903529e-02 4.2097699e-03]
train mIOU:0.083
epoch 1 val_loss:2.257 
val overall_acc:0.586 
val per_class_acc: [6.3158190e-01 7.2044122e-04 0.0000000e+00 9.7850651e-02 1.0005055e-01
 8.4950851e-05 3.8954496e-02 4.1165822e-03 0.0000000e+00 0.0000000e+00
 1.4118762e-01 5.6188735e-03]
vak per_class_iou: [6.0065228e-01 6.3533912e-04 0.0000000e+00 6.3643832e-04 6.8856999e-02
 8.4708379e-05 1.4338579e-02 4.1153785e-03 0.0000000e+00 0.0000000e+00
 9.9032491e-02 4.9493341e-03]
val mIOU:0.066

epoch 1 train_loss:1.835 
train overall_acc:0.815 
train per_class_acc: [0.8795462  0.08351015 0.04466836 0.03470721 0.14843164 0.04556412
 0.04352589 0.16966926 0.00695255 0.00153929 0.20612824 0.0263041 ]
train per_class_iou: [8.3357495e-01 1.8333068e-02 1.2590671e-02 9.5209638e-03 6.8527371e-02
 1.4013645e-02 1.6158516e-02 5.6258284e-02 1.4478893e-03 1.7535679e-04
 2.1511490e-02 5.7583516e-03]
train mIOU:0.088
epoch 1 val_loss:2.398 
val overall_acc:0.641 
val per_class_acc: [0.67266953 0.12457222 0.         0.00479907 0.44772735 0.
 0.00185839 0.00177485 0.         0.         0.09964255 0.10175707]
vak per_class_iou: [0.6508385  0.00629161 0.         0.0042952  0.08804321 0.
 0.00161496 0.00177459 0.         0.         0.00962312 0.05955656]
val mIOU:0.069

epoch 2 train_loss:0.447 
train overall_acc:0.908 
train per_class_acc: [9.90774453e-01 6.90011075e-04 0.00000000e+00 1.97863073e-06
 3.38822766e-03 0.00000000e+00 1.99004191e-07 0.00000000e+00
 0.00000000e+00 0.00000000e+00 1.18543365e-04 0.00000000e+00]
train per_class_iou: [9.0847707e-01 3.8336228e-05 0.0000000e+00 1.8961659e-06 6.6468614e-04
 0.0000000e+00 1.9159511e-07 0.0000000e+00 0.0000000e+00 0.0000000e+00
 3.1428030e-05 0.0000000e+00]
train mIOU:0.076
epoch 2 val_loss:0.368 
val overall_acc:0.895 
val per_class_acc: [9.7221744e-01 0.0000000e+00 0.0000000e+00 0.0000000e+00 0.0000000e+00
 0.0000000e+00 0.0000000e+00 0.0000000e+00 3.0606561e-03 0.0000000e+00
 4.6226955e-06 0.0000000e+00]
vak per_class_iou: [8.9503300e-01 0.0000000e+00 0.0000000e+00 0.0000000e+00 0.0000000e+00
 0.0000000e+00 0.0000000e+00 0.0000000e+00 2.4395240e-03 0.0000000e+00
 4.6226955e-06 0.0000000e+00]
val mIOU:0.075

epoch 3 train_loss:0.377 
train overall_acc:0.910 
train per_class_acc: [9.9273551e-01 0.0000000e+00 0.0000000e+00 0.0000000e+00 6.3770614e-04
 3.0709414e-03 0.0000000e+00 0.0000000e+00 4.7222986e-03 0.0000000e+00
 2.9660265e-03 0.0000000e+00]
train per_class_iou: [9.1073364e-01 0.0000000e+00 0.0000000e+00 0.0000000e+00 5.1659637e-04
 2.7068416e-03 0.0000000e+00 0.0000000e+00 1.8221710e-03 0.0000000e+00
 1.9184528e-03 0.0000000e+00]
train mIOU:0.076
epoch 3 val_loss:0.355 
val overall_acc:0.895 
val per_class_acc: [0.9713827  0.         0.         0.         0.01734422 0.09816802
 0.         0.         0.         0.         0.         0.        ]
vak per_class_iou: [0.8985721  0.         0.         0.         0.01314502 0.05911295
 0.         0.         0.         0.         0.         0.        ]
val mIOU:0.081

epoch 4 train_loss:0.368 
train overall_acc:0.910 
train per_class_acc: [9.9249792e-01 0.0000000e+00 0.0000000e+00 0.0000000e+00 5.4137250e-03
 3.2657575e-02 3.5780057e-04 0.0000000e+00 0.0000000e+00 0.0000000e+00
 0.0000000e+00 0.0000000e+00]
train per_class_iou: [9.1099411e-01 0.0000000e+00 0.0000000e+00 0.0000000e+00 3.4197352e-03
 1.9721519e-02 2.9201052e-04 0.0000000e+00 0.0000000e+00 0.0000000e+00
 0.0000000e+00 0.0000000e+00]
train mIOU:0.078
epoch 4 val_loss:0.350 
val overall_acc:0.896 
val per_class_acc: [9.722222e-01 0.000000e+00 0.000000e+00 0.000000e+00 0.000000e+00
 8.168434e-05 0.000000e+00 0.000000e+00 0.000000e+00 0.000000e+00
 0.000000e+00 0.000000e+00]
vak per_class_iou: [8.9578766e-01 0.0000000e+00 0.0000000e+00 0.0000000e+00 0.0000000e+00
 7.9857120e-05 0.0000000e+00 0.0000000e+00 0.0000000e+00 0.0000000e+00
 0.0000000e+00 0.0000000e+00]
val mIOU:0.075

epoch 5 train_loss:0.361 
train overall_acc:0.910 
train per_class_acc: [9.9255961e-01 0.0000000e+00 0.0000000e+00 0.0000000e+00 4.2591514e-03
 2.7343670e-02 0.0000000e+00 1.3808621e-02 0.0000000e+00 0.0000000e+00
 1.3423569e-05 0.0000000e+00]
train per_class_iou: [9.1165334e-01 0.0000000e+00 0.0000000e+00 0.0000000e+00 3.3135896e-03
 1.6800053e-02 0.0000000e+00 1.2701168e-02 0.0000000e+00 0.0000000e+00
 1.3403792e-05 0.0000000e+00]
train mIOU:0.079
epoch 5 val_loss:0.342 
val overall_acc:0.896 
val per_class_acc: [0.9714029  0.         0.         0.         0.00368421 0.09895387
 0.         0.20122266 0.         0.         0.         0.        ]
vak per_class_iou: [0.8990166  0.         0.         0.         0.00351841 0.05885498
 0.         0.16042921 0.         0.         0.         0.        ]
val mIOU:0.093

epoch 6 train_loss:0.350 
train overall_acc:0.911 
train per_class_acc: [9.9237150e-01 0.0000000e+00 0.0000000e+00 0.0000000e+00 8.9267483e-03
 2.0728923e-02 5.4962380e-04 1.6828609e-01 0.0000000e+00 0.0000000e+00
 4.9623050e-04 0.0000000e+00]
train per_class_iou: [9.1284132e-01 0.0000000e+00 0.0000000e+00 0.0000000e+00 6.4096539e-03
 1.2635723e-02 4.8449263e-04 1.1322541e-01 0.0000000e+00 0.0000000e+00
 3.8691080e-04 0.0000000e+00]
train mIOU:0.087
epoch 6 val_loss:0.331 
val overall_acc:0.896 
val per_class_acc: [9.7145027e-01 0.0000000e+00 0.0000000e+00 0.0000000e+00 1.8135684e-02
 0.0000000e+00 1.3525080e-04 3.9370358e-01 0.0000000e+00 0.0000000e+00
 0.0000000e+00 0.0000000e+00]
vak per_class_iou: [8.9889514e-01 0.0000000e+00 0.0000000e+00 0.0000000e+00 1.5069615e-02
 0.0000000e+00 1.3349234e-04 2.1591552e-01 0.0000000e+00 0.0000000e+00
 0.0000000e+00 0.0000000e+00]
val mIOU:0.094

epoch 7 train_loss:0.348 
train overall_acc:0.911 
train per_class_acc: [0.99225104 0.         0.         0.         0.00783624 0.00134076
 0.00460223 0.30544862 0.         0.         0.00106262 0.        ]
train per_class_iou: [0.9131033  0.         0.         0.         0.00564351 0.00129443
 0.00341776 0.19313166 0.         0.         0.00094126 0.        ]
train mIOU:0.093
epoch 7 val_loss:0.340 
val overall_acc:0.896 
val per_class_acc: [9.7115761e-01 0.0000000e+00 0.0000000e+00 0.0000000e+00 0.0000000e+00
 6.2202691e-04 4.4469056e-03 4.3916109e-01 0.0000000e+00 0.0000000e+00
 2.9845769e-03 0.0000000e+00]
vak per_class_iou: [8.9964539e-01 0.0000000e+00 0.0000000e+00 0.0000000e+00 0.0000000e+00
 6.1797752e-04 3.5834776e-03 1.8895620e-01 0.0000000e+00 0.0000000e+00
 2.5940144e-03 0.0000000e+00]
val mIOU:0.091

epoch 8 train_loss:0.343 
train overall_acc:0.910 
train per_class_acc: [9.91524279e-01 3.89483794e-05 0.00000000e+00 0.00000000e+00
 2.49430863e-03 4.03154735e-03 9.52781271e-03 2.45266944e-01
 1.59724004e-05 5.43183023e-06 1.17729055e-02 2.32969910e-06]
train per_class_iou: [9.1212881e-01 3.8775655e-05 0.0000000e+00 0.0000000e+00 8.9026708e-04
 3.7643102e-03 6.5297475e-03 1.5877715e-01 1.5830801e-05 4.9295077e-06
 7.7680494e-03 2.2982167e-06]
train mIOU:0.091
epoch 8 val_loss:0.333 
val overall_acc:0.894 
val per_class_acc: [9.722222e-01 0.000000e+00 0.000000e+00 0.000000e+00 0.000000e+00
 0.000000e+00 0.000000e+00 6.175585e-05 0.000000e+00 0.000000e+00
 0.000000e+00 0.000000e+00]
vak per_class_iou: [8.939329e-01 0.000000e+00 0.000000e+00 0.000000e+00 0.000000e+00
 0.000000e+00 0.000000e+00 6.175585e-05 0.000000e+00 0.000000e+00
 0.000000e+00 0.000000e+00]
val mIOU:0.074

epoch 9 train_loss:0.338 
train overall_acc:0.910 
train per_class_acc: [9.9103534e-01 2.5727882e-03 0.0000000e+00 0.0000000e+00 1.7285240e-05
 1.9030211e-02 2.9484460e-02 1.7802397e-02 5.8739603e-04 3.5378506e-04
 1.3965926e-02 1.9311251e-02]
train per_class_iou: [9.11486864e-01 2.33558659e-03 0.00000000e+00 0.00000000e+00
 1.72076780e-05 1.37472255e-02 1.94121916e-02 1.54452343e-02
 4.20337281e-04 2.73229380e-04 1.12903910e-02 9.19348095e-03]
train mIOU:0.082
epoch 9 val_loss:0.310 
val overall_acc:0.896 
val per_class_acc: [9.7216690e-01 8.0272846e-04 0.0000000e+00 0.0000000e+00 0.0000000e+00
 9.2965197e-03 0.0000000e+00 1.0037159e-01 0.0000000e+00 0.0000000e+00
 4.9539446e-03 1.1107585e-03]
vak per_class_iou: [8.9670056e-01 7.7908242e-04 0.0000000e+00 0.0000000e+00 0.0000000e+00
 9.1381194e-03 0.0000000e+00 9.1429316e-02 0.0000000e+00 0.0000000e+00
 4.3065930e-03 1.0939791e-03]
val mIOU:0.084

epoch 10 train_loss:0.318 
train overall_acc:0.912 
train per_class_acc: [0.98959756 0.01489064 0.         0.         0.01005837 0.0266996
 0.09152346 0.17963426 0.         0.         0.0157084  0.00849562]
train per_class_iou: [0.91465867 0.01226658 0.         0.         0.00629221 0.02024451
 0.07164774 0.12983394 0.         0.         0.0131893  0.0058026 ]
train mIOU:0.098
epoch 10 val_loss:0.313 
val overall_acc:0.897 
val per_class_acc: [9.7190708e-01 8.0271615e-03 0.0000000e+00 0.0000000e+00 3.2021366e-02
 8.6290371e-03 1.7522300e-04 2.7805629e-01 0.0000000e+00 0.0000000e+00
 3.9389959e-04 0.0000000e+00]
vak per_class_iou: [8.9844298e-01 7.3541501e-03 0.0000000e+00 0.0000000e+00 2.2497281e-02
 7.6920027e-03 1.7426716e-04 2.2068995e-01 0.0000000e+00 0.0000000e+00
 3.9324327e-04 0.0000000e+00]
val mIOU:0.096

epoch 11 train_loss:0.316 
train overall_acc:0.910 
train per_class_acc: [0.990272   0.01991626 0.         0.         0.02257297 0.03011852
 0.05189045 0.26299036 0.         0.         0.02014916 0.00548001]
train per_class_iou: [0.9143483  0.01597756 0.         0.         0.01149575 0.02281724
 0.03925438 0.18464473 0.         0.         0.01745276 0.00402225]
train mIOU:0.101
epoch 11 val_loss:0.272 
val overall_acc:0.897 
val per_class_acc: [0.97118896 0.03407542 0.         0.         0.01684841 0.04089139
 0.02638666 0.31171644 0.         0.         0.0155036  0.        ]
vak per_class_iou: [0.9015327  0.02819709 0.         0.         0.01450572 0.03507387
 0.01917469 0.21083301 0.         0.         0.01481556 0.        ]
val mIOU:0.102

epoch 12 train_loss:0.302 
train overall_acc:0.914 
train per_class_acc: [9.8745835e-01 3.4516592e-02 2.9503747e-06 7.7066237e-05 2.3561869e-02
 3.8092244e-02 1.6797097e-01 3.1989476e-01 0.0000000e+00 0.0000000e+00
 6.9199003e-02 5.1479717e-03]
train per_class_iou: [9.19286907e-01 2.50523835e-02 2.94793949e-06 7.55279689e-05
 1.72673222e-02 2.94066370e-02 1.18333176e-01 2.20278963e-01
 0.00000000e+00 0.00000000e+00 4.74056043e-02 4.31534415e-03]
train mIOU:0.115
epoch 12 val_loss:0.269 
val overall_acc:0.900 
val per_class_acc: [0.9705155  0.04569273 0.         0.         0.05812928 0.06794879
 0.06363739 0.3881509  0.         0.         0.08332784 0.        ]
vak per_class_iou: [0.90474004 0.03561546 0.         0.         0.04228937 0.05834701
 0.06218652 0.21803981 0.         0.         0.07211024 0.        ]
val mIOU:0.116

epoch 13 train_loss:0.274 
train overall_acc:0.917 
train per_class_acc: [9.8562175e-01 3.5226863e-02 8.0040008e-05 1.0729389e-04 1.1306682e-01
 2.0455882e-02 1.7297898e-01 3.0817476e-01 0.0000000e+00 0.0000000e+00
 1.2679157e-01 2.4472133e-03]
train per_class_iou: [9.2553753e-01 2.7264467e-02 7.9521182e-05 1.0659298e-04 8.1018418e-02
 1.4039568e-02 1.3816653e-01 2.2321583e-01 0.0000000e+00 0.0000000e+00
 9.5798433e-02 2.1601985e-03]
train mIOU:0.126
epoch 13 val_loss:0.228 
val overall_acc:0.914 
val per_class_acc: [9.6454322e-01 8.5237131e-02 7.1325223e-04 3.3237063e-04 2.9790100e-01
 1.5649419e-02 1.4507385e-01 3.8762528e-01 0.0000000e+00 0.0000000e+00
 4.0457666e-01 3.1514235e-02]
vak per_class_iou: [9.2320794e-01 5.4773510e-02 7.0783199e-04 3.3159915e-04 2.3860563e-01
 1.4642727e-02 1.3908468e-01 2.4284799e-01 0.0000000e+00 0.0000000e+00
 2.3020649e-01 2.3591293e-02]
val mIOU:0.156

epoch 14 train_loss:0.246 
train overall_acc:0.928 
train per_class_acc: [9.8439568e-01 4.5745280e-02 1.7903517e-04 1.0626846e-04 2.6672238e-01
 1.4576731e-02 2.6437166e-01 3.2810262e-01 4.2395003e-04 0.0000000e+00
 2.2313868e-01 1.0960586e-02]
train per_class_iou: [9.3450505e-01 3.3813503e-02 1.7631534e-04 1.0602547e-04 1.9855288e-01
 1.2546900e-02 2.2432451e-01 2.4890485e-01 3.9956014e-04 0.0000000e+00
 1.4734842e-01 7.1563236e-03]
train mIOU:0.151
epoch 14 val_loss:0.220 
val overall_acc:0.917 
val per_class_acc: [9.6842641e-01 1.5707985e-02 0.0000000e+00 0.0000000e+00 3.4059078e-01
 1.3320078e-03 2.3141000e-01 2.8416070e-01 1.3786905e-04 0.0000000e+00
 4.8471976e-02 0.0000000e+00]
vak per_class_iou: [9.1978443e-01 1.4153638e-02 0.0000000e+00 0.0000000e+00 2.8789958e-01
 1.2617024e-03 1.9967777e-01 2.5801593e-01 1.3776292e-04 0.0000000e+00
 4.5541149e-02 0.0000000e+00]
val mIOU:0.144

epoch 15 train_loss:0.244 
train overall_acc:0.926 
train per_class_acc: [9.8212814e-01 4.6288848e-02 6.0898159e-04 5.9714157e-04 2.4263248e-01
 3.1123925e-02 2.7910084e-01 3.3470455e-01 1.2474255e-02 0.0000000e+00
 2.6010576e-01 3.3897337e-02]
train per_class_iou: [9.3246484e-01 3.3412401e-02 5.8275077e-04 5.8354490e-04 1.8289669e-01
 2.2886405e-02 2.3071744e-01 2.6423752e-01 1.1031180e-02 0.0000000e+00
 1.6951138e-01 2.0555722e-02]
train mIOU:0.156
epoch 15 val_loss:0.207 
val overall_acc:0.920 
val per_class_acc: [9.6215945e-01 7.8967683e-02 3.6768787e-04 1.1708023e-03 5.1042885e-01
 1.6020488e-02 1.6284266e-01 3.6607286e-01 3.3053394e-02 8.3433796e-04
 3.2164815e-01 4.6616849e-02]
vak per_class_iou: [9.2753613e-01 5.5773575e-02 3.6517842e-04 1.1513529e-03 3.8715804e-01
 1.4317559e-02 1.5228643e-01 2.9064977e-01 3.2024805e-02 8.3165889e-04
 2.2790773e-01 3.3959512e-02]
val mIOU:0.177

epoch 16 train_loss:0.219 
train overall_acc:0.937 
train per_class_acc: [9.8348486e-01 4.9142063e-02 8.7446679e-04 1.4604467e-03 4.0252510e-01
 3.4665514e-02 2.9091969e-01 3.5105586e-01 6.6747956e-02 4.3544704e-05
 2.8012234e-01 3.1413767e-02]
train per_class_iou: [9.4344211e-01 3.6649868e-02 8.6190226e-04 1.4258063e-03 3.1510723e-01
 2.5828948e-02 2.4842551e-01 2.8953499e-01 6.0032524e-02 4.3418811e-05
 1.8757223e-01 2.3220519e-02]
train mIOU:0.178
epoch 16 val_loss:0.248 
val overall_acc:0.916 
val per_class_acc: [9.7114575e-01 2.7730178e-02 3.3253869e-05 1.6100609e-03 2.3249157e-01
 3.2441636e-05 2.2893603e-01 2.6989767e-01 1.3760617e-02 1.0669729e-04
 6.0718856e-03 1.6406539e-04]
vak per_class_iou: [9.1756237e-01 2.3622677e-02 3.3176668e-05 1.5714978e-03 2.2521615e-01
 3.2434731e-05 2.0610715e-01 2.3799351e-01 1.3330672e-02 1.0639193e-04
 6.0388241e-03 1.6398465e-04]
val mIOU:0.136

epoch 17 train_loss:0.210 
train overall_acc:0.940 
train per_class_acc: [0.98417044 0.05794112 0.00362545 0.00354417 0.47430375 0.03585083
 0.30448633 0.3561239  0.08593731 0.00158192 0.2828544  0.04090625]
train per_class_iou: [0.9460298  0.03924755 0.00339022 0.00318231 0.38745916 0.02616501
 0.25854996 0.294616   0.07418498 0.00144159 0.18251888 0.02281113]
train mIOU:0.187
epoch 17 val_loss:0.245 
val overall_acc:0.902 
val per_class_acc: [9.3431079e-01 4.8889745e-02 7.9200734e-05 2.7282111e-04 6.0617751e-01
 4.5748893e-02 3.6014545e-01 3.5507387e-01 6.0458191e-02 0.0000000e+00
 3.0481464e-01 0.0000000e+00]
vak per_class_iou: [9.1221821e-01 3.9449845e-02 7.8933976e-05 2.7192969e-04 3.3790338e-01
 3.8705789e-02 2.1602301e-01 3.0231315e-01 5.6984775e-02 0.0000000e+00
 2.2489993e-01 0.0000000e+00]
val mIOU:0.177

epoch 18 train_loss:0.211 
train overall_acc:0.939 
train per_class_acc: [9.8424488e-01 5.8357328e-02 2.0285237e-03 3.8833283e-03 4.9090016e-01
 4.3980278e-02 2.8252390e-01 3.7067652e-01 5.3887237e-02 6.1404781e-04
 3.0328488e-01 2.5909560e-02]
train per_class_iou: [9.4547457e-01 4.1688468e-02 1.9497769e-03 3.6097995e-03 3.9846256e-01
 3.2814536e-02 2.3844844e-01 3.0629700e-01 4.1691560e-02 6.0185301e-04
 1.9460237e-01 1.9128382e-02]
train mIOU:0.185
epoch 18 val_loss:0.202 
val overall_acc:0.921 
val per_class_acc: [9.7119510e-01 4.6634134e-03 0.0000000e+00 8.2598208e-06 2.9402184e-01
 2.7747117e-03 2.9829094e-01 3.0738765e-01 2.8063156e-02 0.0000000e+00
 1.9664729e-01 0.0000000e+00]
vak per_class_iou: [9.2354882e-01 4.5685056e-03 0.0000000e+00 8.2598208e-06 2.8251040e-01
 2.7027221e-03 2.4601120e-01 2.8698713e-01 2.7596232e-02 0.0000000e+00
 1.6560505e-01 0.0000000e+00]
val mIOU:0.162

epoch 19 train_loss:0.208 
train overall_acc:0.939 
train per_class_acc: [0.98465556 0.05930364 0.001844   0.00482819 0.41992584 0.054912
 0.3274676  0.308328   0.07599949 0.00334551 0.333314   0.04535637]
train per_class_iou: [0.94540244 0.04205825 0.00178332 0.00439627 0.3448139  0.04148751
 0.27673987 0.25445992 0.06165658 0.00262144 0.2205903  0.03318862]
train mIOU:0.186
epoch 19 val_loss:0.195 
val overall_acc:0.925 
val per_class_acc: [9.6471989e-01 5.9853769e-03 0.0000000e+00 3.2667416e-05 5.7340264e-01
 2.1703446e-02 3.0040893e-01 2.8319010e-01 3.8929593e-02 0.0000000e+00
 2.9134232e-01 0.0000000e+00]
vak per_class_iou: [9.2989552e-01 5.8420878e-03 0.0000000e+00 3.2663127e-05 4.5098278e-01
 2.0873643e-02 2.6151115e-01 2.6075742e-01 3.8280129e-02 0.0000000e+00
 2.0055993e-01 0.0000000e+00]
val mIOU:0.181

epoch 20 train_loss:0.187 
train overall_acc:0.945 
train per_class_acc: [0.98528343 0.0642833  0.00287358 0.00500324 0.47864717 0.07359906
 0.35309708 0.3555757  0.10316414 0.00462816 0.32504475 0.02967351]
train per_class_iou: [0.9509852  0.04355504 0.00276015 0.00462456 0.40493473 0.05124272
 0.30543333 0.2933933  0.08625987 0.00346984 0.2065567  0.0193416 ]
train mIOU:0.198
epoch 20 val_loss:0.187 
val overall_acc:0.924 
val per_class_acc: [9.6578622e-01 3.7786290e-02 2.7059799e-03 1.5663605e-03 4.6721759e-01
 5.3250313e-02 3.5507423e-01 2.4046642e-01 8.8624358e-02 3.5114554e-04
 3.4851143e-01 8.8117633e-04]
vak per_class_iou: [9.2899120e-01 3.2787498e-02 2.6227981e-03 1.5535896e-03 4.1060847e-01
 4.6019662e-02 2.5985453e-01 2.2671050e-01 8.0908157e-02 3.5077042e-04
 2.4554706e-01 8.7940483e-04]
val mIOU:0.186

epoch 21 train_loss:0.182 
train overall_acc:0.947 
train per_class_acc: [0.986202   0.0612639  0.00336774 0.00599711 0.52449995 0.09188055
 0.36513546 0.35669488 0.14210327 0.00461457 0.35221073 0.10387639]
train per_class_iou: [0.9531749  0.04506184 0.00326875 0.0055193  0.44608197 0.0671853
 0.3159861  0.29590815 0.11891937 0.00417609 0.22574912 0.08505725]
train mIOU:0.214
epoch 21 val_loss:0.183 
val overall_acc:0.926 
val per_class_acc: [0.9617631  0.08220755 0.00325529 0.00190359 0.53998464 0.06525829
 0.31871605 0.39500225 0.00251826 0.010642   0.25600708 0.00483562]
vak per_class_iou: [0.9329353  0.06176557 0.00315727 0.00186201 0.41061416 0.05793376
 0.23574156 0.322097   0.00237298 0.009823   0.18889874 0.00468779]
val mIOU:0.186

epoch 22 train_loss:0.173 
train overall_acc:0.949 
train per_class_acc: [0.9865024  0.07591566 0.00440852 0.00883818 0.5197871  0.1228027
 0.3622339  0.39112228 0.1358015  0.00880441 0.37095422 0.09635805]
train per_class_iou: [0.95494646 0.05172514 0.00416317 0.00785242 0.45160764 0.0875167
 0.32004356 0.3266818  0.11183874 0.006491   0.23186848 0.06710219]
train mIOU:0.218
epoch 22 val_loss:0.164 
val overall_acc:0.932 
val per_class_acc: [0.96909076 0.06672058 0.00305716 0.0045092  0.4926272  0.1407964
 0.27603564 0.35282743 0.15829657 0.01124083 0.4669628  0.11977404]
vak per_class_iou: [0.9370793  0.05142325 0.00299537 0.00435977 0.43755847 0.11645942
 0.26410273 0.31949565 0.13031049 0.01071966 0.26768458 0.09936994]
val mIOU:0.220

epoch 23 train_loss:0.161 
train overall_acc:0.952 
train per_class_acc: [0.9870136  0.07864474 0.00490894 0.00887655 0.54501146 0.15940578
 0.4122811  0.41054025 0.19242962 0.01483312 0.3883181  0.16403688]
train per_class_iou: [0.95819765 0.05599843 0.00473138 0.00787817 0.47003865 0.10857674
 0.3697678  0.34093803 0.15425168 0.01221623 0.24697162 0.12185124]
train mIOU:0.238
epoch 23 val_loss:0.156 
val overall_acc:0.934 
val per_class_acc: [0.9684303  0.06686166 0.00147781 0.00636041 0.56838584 0.21619546
 0.33453107 0.47769547 0.14898545 0.00396523 0.2602471  0.0328108 ]
vak per_class_iou: [0.93856645 0.05338291 0.00146186 0.00612233 0.51280487 0.16066428
 0.308425   0.35938448 0.13262445 0.00390933 0.2071658  0.02834145]
val mIOU:0.226

epoch 24 train_loss:0.163 
train overall_acc:0.951 
train per_class_acc: [0.98679286 0.07966506 0.00457729 0.00897302 0.5814477  0.15052158
 0.37392506 0.32243294 0.15109493 0.01945169 0.41456634 0.148633  ]
train per_class_iou: [0.9573752  0.053429   0.00432318 0.00800308 0.5075338  0.10490512
 0.32788113 0.2577935  0.11529804 0.01469674 0.25879046 0.09177674]
train mIOU:0.225
epoch 24 val_loss:0.176 
val overall_acc:0.928 
val per_class_acc: [0.96294796 0.18360582 0.02491101 0.02594592 0.5595432  0.19917633
 0.23116922 0.35743296 0.1476959  0.06286386 0.5335442  0.06893399]
vak per_class_iou: [0.9392925  0.10796689 0.0220123  0.02183686 0.45449987 0.12987845
 0.19619331 0.29572436 0.10936202 0.04473402 0.25202996 0.05076926]
val mIOU:0.219

epoch 25 train_loss:0.157 
train overall_acc:0.953 
train per_class_acc: [0.9874525  0.08543022 0.00500776 0.01047589 0.5117905  0.16510175
 0.37269926 0.38158858 0.19414961 0.01520147 0.43370366 0.16045918]
train per_class_iou: [0.9587196  0.05889364 0.00473893 0.00891105 0.45644847 0.10931898
 0.3305257  0.31758055 0.15698415 0.01217911 0.28990152 0.12890068]
train mIOU:0.236
epoch 25 val_loss:0.154 
val overall_acc:0.934 
val per_class_acc: [0.9678226  0.11179716 0.00410291 0.02120626 0.40373743 0.02772783
 0.27241635 0.46464428 0.19593829 0.04081668 0.61094487 0.04072784]
vak per_class_iou: [0.9410779  0.0817676  0.00402202 0.01900394 0.37958008 0.0266119
 0.227458   0.36612844 0.15573443 0.03244538 0.30415562 0.03643548]
val mIOU:0.215

epoch 26 train_loss:0.157 
train overall_acc:0.953 
train per_class_acc: [0.9875121  0.08414384 0.00595614 0.01127794 0.5497654  0.15046914
 0.41696543 0.41609177 0.20809686 0.01723708 0.44278058 0.18908897]
train per_class_iou: [0.95880914 0.0585112  0.00567143 0.01006278 0.49095148 0.10756413
 0.37404844 0.34018904 0.15592833 0.01295665 0.28564075 0.13247025]
train mIOU:0.244
epoch 26 val_loss:0.165 
val overall_acc:0.933 
val per_class_acc: [0.9666413  0.1570556  0.01439343 0.00664908 0.5785061  0.26607046
 0.28036276 0.40031677 0.21078445 0.03113439 0.515618   0.39249936]
vak per_class_iou: [0.941364   0.10199741 0.01350963 0.00635139 0.5038159  0.16815454
 0.2715187  0.35095236 0.176828   0.02510393 0.2657937  0.21753429]
val mIOU:0.254

epoch 27 train_loss:0.145 
train overall_acc:0.956 
train per_class_acc: [0.9875121  0.10372838 0.00737855 0.01423363 0.5863972  0.22321993
 0.41149005 0.42024243 0.22179423 0.02165627 0.47687286 0.14916568]
train per_class_iou: [0.9618162  0.07286768 0.00689718 0.01279807 0.5196608  0.15206786
 0.36700666 0.3445514  0.17582251 0.01731401 0.31036657 0.11657394]
train mIOU:0.255
epoch 27 val_loss:0.148 
val overall_acc:0.936 
val per_class_acc: [0.96936333 0.11475459 0.00321866 0.02185649 0.622038   0.1930567
 0.36626893 0.3637396  0.18792093 0.05348053 0.42703205 0.02902646]
vak per_class_iou: [0.9416437  0.08311722 0.0031665  0.01946561 0.57244545 0.16260162
 0.3227167  0.31655687 0.15517654 0.04471413 0.3108435  0.02843584]
val mIOU:0.247

epoch 28 train_loss:0.145 
train overall_acc:0.956 
train per_class_acc: [0.98809814 0.09007131 0.00932907 0.00968947 0.60342234 0.19181864
 0.4178079  0.40538314 0.21395078 0.02471974 0.5121851  0.1837455 ]
train per_class_iou: [0.96204334 0.06459003 0.00849008 0.00868223 0.53480726 0.12876411
 0.37867513 0.334671   0.16125607 0.02012652 0.32688168 0.13476144]
train mIOU:0.255
epoch 28 val_loss:0.149 
val overall_acc:0.935 
val per_class_acc: [0.96893173 0.11122    0.001893   0.01756874 0.5995382  0.06725851
 0.26813868 0.446493   0.15831637 0.0338672  0.43596566 0.31669605]
vak per_class_iou: [0.94067204 0.07722794 0.00186781 0.01611152 0.5288902  0.06273392
 0.2582225  0.35360706 0.13806066 0.02978159 0.32988203 0.24765468]
val mIOU:0.249

epoch 29 train_loss:0.155 
train overall_acc:0.954 
train per_class_acc: [0.9872505  0.09555622 0.00689229 0.01501251 0.53611284 0.18843412
 0.41939446 0.40934578 0.1873032  0.03173528 0.45958775 0.2245988 ]
train per_class_iou: [0.9592055  0.06636047 0.00651938 0.01324939 0.47976515 0.13209945
 0.37423187 0.33923593 0.13766342 0.02548178 0.30047905 0.17560336]
train mIOU:0.251
epoch 29 val_loss:0.158 
val overall_acc:0.932 
val per_class_acc: [0.9637267  0.07257851 0.00262942 0.00656246 0.49039018 0.280313
 0.4122259  0.44539064 0.14431253 0.00548472 0.49593455 0.2549771 ]
vak per_class_iou: [0.93929183 0.05887776 0.00259513 0.00636005 0.4546976  0.22250827
 0.23641106 0.3686698  0.12702304 0.00511777 0.3535855  0.22702993]
val mIOU:0.250

epoch 30 train_loss:0.138 
train overall_acc:0.958 
train per_class_acc: [0.98799765 0.0979538  0.00582147 0.01785555 0.57594985 0.23547938
 0.43444905 0.4324932  0.23659046 0.0335874  0.5155435  0.25798908]
train per_class_iou: [0.9633729  0.07051831 0.00554595 0.01549615 0.5159339  0.15994665
 0.3894418  0.35685912 0.17679761 0.02606589 0.3563927  0.1831291 ]
train mIOU:0.268
epoch 30 val_loss:0.165 
val overall_acc:0.933 
val per_class_acc: [0.9704684  0.1027323  0.00841487 0.02082341 0.44620794 0.11748137
 0.37235892 0.4890412  0.31945768 0.13145003 0.40757197 0.3654549 ]
vak per_class_iou: [0.937073   0.07486456 0.00810053 0.01840725 0.43624267 0.1076445
 0.30729982 0.40224415 0.197153   0.09503713 0.35627592 0.28717834]
val mIOU:0.269

